SEASON_ID,Player_ID,Game_ID,GAME_DATE,MATCHUP,WL,MIN,FGM,FGA,FG_PCT,FG3M,FG3A,FG3_PCT,FTM,FTA,FT_PCT,OREB,DREB,REB,AST,STL,BLK,TOV,PF,PTS,PLUS_MINUS,VIDEO_AVAILABLE,SEASON,PLAYER_ID,PLAYER_NAME
22017,1627732,0021700006,"Oct 18, 2017",PHI @ WAS,L,35,7,14,0.5,0,0,0.0,4,6,0.667,3,7,10,5,2,1,1,3,18,3,1,2017-18,1627732,Ben Simmons
22017,1627732,0021700019,"Oct 20, 2017",PHI vs. BOS,L,37,4,11,0.364,0,0,0.0,3,6,0.5,3,8,11,5,1,0,4,2,11,-7,1,2017-18,1627732,Ben Simmons
22017,1627732,0021700027,"Oct 21, 2017",PHI @ TOR,L,33,7,16,0.438,0,2,0.0,4,8,0.5,1,9,10,8,0,0,3,0,18,-20,1,2017-18,1627732,Ben Simmons
22017,1627732,0021700041,"Oct 23, 2017",PHI @ DET,W,34,8,11,0.727,0,0,0.0,5,6,0.833,2,10,12,10,1,0,4,2,21,12,1,2017-18,1627732,Ben Simmons
22017,1627732,0021700057,"Oct 25, 2017",PHI vs. HOU,L,34,7,17,0.412,0,1,0.0,0,2,0.0,2,5,7,9,3,1,4,2,14,-13,1,2017-18,1627732,Ben Simmons
22017,1627732,0021700081,"Oct 28, 2017",PHI @ DAL,W,34,10,15,0.667,0,0,0.0,3,4,0.75,2,5,7,8,3,1,1,3,23,-1,1,2017-18,1627732,Ben Simmons
22017,1627732,0021700095,"Oct 30, 2017",PHI @ HOU,W,39,10,15,0.667,0,1,0.0,4,9,0.444,1,6,7,9,0,0,5,3,24,10,1,2017-18,1627732,Ben Simmons
22017,1627732,0021700107,"Nov 01, 2017",PHI vs. ATL,W,34,8,16,0.5,0,1,0.0,3,6,0.5,4,9,13,9,2,0,4,2,19,14,2,2017-18,1627732,Ben Simmons
22017,1627732,0021700121,"Nov 03, 2017",PHI vs. IND,W,39,5,13,0.385,0,0,0.0,4,4,1.0,2,9,11,11,2,3,5,3,14,12,1,2017-18,1627732,Ben Simmons
22017,1627732,0021700156,"Nov 07, 2017",PHI @ UTA,W,36,7,22,0.318,0,1,0.0,2,2,1.0,1,12,13,6,3,3,6,5,16,2,1,2017-18,1627732,Ben Simmons
22017,1627732,0021700167,"Nov 09, 2017",PHI @ SAC,L,27,6,8,0.75,0,0,0.0,6,8,0.75,0,2,2,6,2,0,4,5,18,6,1,2017-18,1627732,Ben Simmons
22017,1627732,0021700184,"Nov 11, 2017",PHI @ GSW,L,29,6,17,0.353,0,0,0.0,1,4,0.25,3,2,5,8,2,0,4,1,13,-10,1,2017-18,1627732,Ben Simmons
22017,1627732,0021700200,"Nov 13, 2017",PHI @ LAC,W,37,9,14,0.643,0,1,0.0,4,6,0.667,4,8,12,4,1,1,5,5,22,7,1,2017-18,1627732,Ben Simmons
22017,1627732,0021700214,"Nov 15, 2017",PHI @ LAL,W,39,8,13,0.615,0,0,0.0,2,4,0.5,3,6,9,10,5,1,1,1,18,19,1,2017-18,1627732,Ben Simmons
22017,1627732,0021700231,"Nov 18, 2017",PHI vs. GSW,L,38,11,15,0.733,0,0,0.0,1,2,0.5,2,6,8,12,1,0,1,3,23,7,1,2017-18,1627732,Ben Simmons
22017,1627732,0021700244,"Nov 20, 2017",PHI vs. UTA,W,34,13,24,0.542,0,0,0.0,1,4,0.25,2,8,10,2,4,0,4,2,27,6,1,2017-18,1627732,Ben Simmons
22017,1627732,0021700255,"Nov 22, 2017",PHI vs. POR,W,39,8,20,0.4,0,0,0.0,0,2,0.0,0,8,8,9,3,2,3,1,16,18,1,2017-18,1627732,Ben Simmons
22017,1627732,0021700291,"Nov 27, 2017",PHI vs. CLE,L,35,5,11,0.455,0,0,0.0,0,0,0.0,3,5,8,2,3,1,4,3,10,-16,1,2017-18,1627732,Ben Simmons
22017,1627732,0021700305,"Nov 29, 2017",PHI vs. WAS,W,41,8,16,0.5,0,1,0.0,15,29,0.517,5,13,18,4,2,2,6,3,31,11,1,2017-18,1627732,Ben Simmons
22017,1627732,0021700314,"Nov 30, 2017",PHI @ BOS,L,40,6,14,0.429,0,0,0.0,3,4,0.75,4,2,6,7,5,0,5,1,15,-10,1,2017-18,1627732,Ben Simmons
22017,1627732,0021700330,"Dec 02, 2017",PHI vs. DET,W,39,2,6,0.333,0,0,0.0,1,2,0.5,3,7,10,6,0,2,4,3,5,6,1,2017-18,1627732,Ben Simmons
22017,1627732,0021700341,"Dec 04, 2017",PHI vs. PHX,L,36,9,18,0.5,0,0,0.0,2,2,1.0,1,7,8,7,6,0,3,3,20,-10,1,2017-18,1627732,Ben Simmons
22017,1627732,0021700363,"Dec 07, 2017",PHI vs. LAL,L,43,6,14,0.429,0,0,0.0,0,2,0.0,0,12,12,15,0,1,4,4,12,9,1,2017-18,1627732,Ben Simmons
22017,1627732,0021700379,"Dec 09, 2017",PHI @ CLE,L,36,7,13,0.538,0,0,0.0,0,0,0.0,0,6,6,10,1,1,7,3,14,-6,1,2017-18,1627732,Ben Simmons
22017,1627732,0021700389,"Dec 10, 2017",PHI @ NOP,L,36,10,16,0.625,0,0,0.0,7,9,0.778,2,3,5,10,0,1,5,4,27,-4,1,2017-18,1627732,Ben Simmons
22017,1627732,0021700401,"Dec 12, 2017",PHI @ MIN,W,40,3,8,0.375,0,0,0.0,1,3,0.333,0,3,3,8,1,0,7,0,7,3,1,2017-18,1627732,Ben Simmons
22017,1627732,0021700421,"Dec 15, 2017",PHI vs. OKC,L,52,6,10,0.6,0,0,0.0,0,2,0.0,1,8,9,11,4,0,3,5,12,-3,1,2017-18,1627732,Ben Simmons
22017,1627732,0021700444,"Dec 18, 2017",PHI @ CHI,L,35,9,18,0.5,0,1,0.0,1,5,0.2,4,7,11,10,0,4,3,2,19,1,1,2017-18,1627732,Ben Simmons
22017,1627732,0021700451,"Dec 19, 2017",PHI vs. SAC,L,33,5,6,0.833,0,0,0.0,3,5,0.6,1,11,12,9,3,0,4,3,13,0,1,2017-18,1627732,Ben Simmons
22017,1627732,0021700467,"Dec 21, 2017",PHI vs. TOR,L,33,9,14,0.643,0,0,0.0,2,5,0.4,2,4,6,4,0,1,7,3,20,-8,1,2017-18,1627732,Ben Simmons
22017,1627732,0021700480,"Dec 23, 2017",PHI @ TOR,L,33,5,13,0.385,0,0,0.0,0,2,0.0,2,3,5,6,1,0,3,2,10,-8,1,2017-18,1627732,Ben Simmons
22017,1627732,0021700493,"Dec 25, 2017",PHI @ NYK,W,33,4,8,0.5,0,0,0.0,0,2,0.0,1,7,8,3,1,1,2,3,8,-4,1,2017-18,1627732,Ben Simmons
22017,1627732,0021700520,"Dec 28, 2017",PHI @ POR,L,34,7,17,0.412,0,0,0.0,3,3,1.0,1,3,4,8,1,0,3,4,17,5,1,2017-18,1627732,Ben Simmons
22017,1627732,0021700536,"Dec 30, 2017",PHI @ DEN,W,32,3,9,0.333,0,0,0.0,0,0,0.0,1,5,6,6,0,1,5,5,6,-11,1,2017-18,1627732,Ben Simmons
22017,1627732,0021700544,"Dec 31, 2017",PHI @ PHX,W,32,7,11,0.636,0,0,0.0,7,11,0.636,0,9,9,6,3,3,5,5,21,9,1,2017-18,1627732,Ben Simmons
22017,1627732,0021700555,"Jan 03, 2018",PHI vs. SAS,W,34,8,18,0.444,0,1,0.0,10,15,0.667,1,4,5,4,3,1,4,3,26,2,1,2017-18,1627732,Ben Simmons
22017,1627732,0021700569,"Jan 05, 2018",PHI vs. DET,W,23,9,13,0.692,0,0,0.0,1,1,1.0,2,2,4,9,2,2,4,4,19,16,1,2017-18,1627732,Ben Simmons
22017,1627732,0021700614,"Jan 11, 2018",PHI vs. BOS,L,29,8,12,0.667,0,0,0.0,0,0,0.0,0,2,2,3,2,2,3,2,16,-17,1,2017-18,1627732,Ben Simmons
22017,1627732,0021700639,"Jan 15, 2018",PHI vs. TOR,W,27,5,10,0.5,0,0,0.0,2,4,0.5,0,1,1,4,2,2,6,5,12,1,1,2017-18,1627732,Ben Simmons
22017,1627732,0021700663,"Jan 18, 2018",PHI @ BOS,W,34,4,9,0.444,0,0,0.0,0,0,0.0,2,5,7,4,1,0,3,3,8,-3,1,2017-18,1627732,Ben Simmons
22017,1627732,0021700678,"Jan 20, 2018",PHI vs. MIL,W,31,8,13,0.615,0,0,0.0,0,0,0.0,1,7,8,9,1,0,4,4,16,12,1,2017-18,1627732,Ben Simmons
22017,1627732,0021700690,"Jan 22, 2018",PHI @ MEM,L,35,3,8,0.375,0,0,0.0,0,0,0.0,1,2,3,7,1,0,4,5,6,6,1,2017-18,1627732,Ben Simmons
22017,1627732,0021700704,"Jan 24, 2018",PHI vs. CHI,W,39,6,15,0.4,0,0,0.0,7,10,0.7,3,14,17,14,0,2,6,4,19,18,1,2017-18,1627732,Ben Simmons
22017,1627732,0021700722,"Jan 26, 2018",PHI @ SAS,W,34,10,11,0.909,0,0,0.0,1,2,0.5,1,4,5,7,2,1,3,1,21,20,1,2017-18,1627732,Ben Simmons
22017,1627732,0021700736,"Jan 28, 2018",PHI @ OKC,L,39,10,14,0.714,0,0,0.0,2,6,0.333,1,3,4,7,1,1,1,1,22,-12,1,2017-18,1627732,Ben Simmons
22017,1627732,0021700741,"Jan 29, 2018",PHI @ MIL,L,29,7,10,0.7,0,0,0.0,2,3,0.667,0,6,6,5,1,0,2,3,16,-8,1,2017-18,1627732,Ben Simmons
22017,1627732,0021700756,"Jan 31, 2018",PHI @ BKN,L,38,11,16,0.688,0,0,0.0,2,2,1.0,1,1,2,7,1,0,1,1,24,2,1,2017-18,1627732,Ben Simmons
22017,1627732,0021700770,"Feb 02, 2018",PHI vs. MIA,W,35,8,13,0.615,0,0,0.0,4,4,1.0,2,4,6,5,2,1,0,1,20,11,1,2017-18,1627732,Ben Simmons
22017,1627732,0021700777,"Feb 03, 2018",PHI @ IND,L,35,4,13,0.308,0,0,0.0,2,6,0.333,5,6,11,6,1,0,0,3,10,2,1,2017-18,1627732,Ben Simmons
22017,1627732,0021700802,"Feb 06, 2018",PHI vs. WAS,W,36,6,8,0.75,0,0,0.0,3,5,0.6,3,3,6,8,3,1,5,2,15,9,1,2017-18,1627732,Ben Simmons
22017,1627732,0021700818,"Feb 09, 2018",PHI vs. NOP,W,25,3,11,0.273,0,0,0.0,4,4,1.0,2,7,9,8,3,1,4,1,10,20,1,2017-18,1627732,Ben Simmons
22017,1627732,0021700828,"Feb 10, 2018",PHI vs. LAC,W,35,7,13,0.538,0,0,0.0,0,1,0.0,1,4,5,10,2,1,4,2,14,13,1,2017-18,1627732,Ben Simmons
22017,1627732,0021700842,"Feb 12, 2018",PHI vs. NYK,W,33,6,8,0.75,0,0,0.0,1,2,0.5,1,5,6,6,4,3,3,2,13,10,1,2017-18,1627732,Ben Simmons
22017,1627732,0021700855,"Feb 14, 2018",PHI vs. MIA,W,36,8,15,0.533,0,0,0.0,2,5,0.4,4,8,12,10,4,0,4,1,18,4,1,2017-18,1627732,Ben Simmons
22017,1627732,0021700870,"Feb 22, 2018",PHI @ CHI,W,34,13,18,0.722,0,0,0.0,6,11,0.545,3,4,7,11,1,1,2,1,32,15,1,2017-18,1627732,Ben Simmons
22017,1627732,0021700884,"Feb 24, 2018",PHI vs. ORL,W,29,7,11,0.636,0,0,0.0,3,4,0.75,1,3,4,7,1,0,2,2,17,6,1,2017-18,1627732,Ben Simmons
22017,1627732,0021700895,"Feb 25, 2018",PHI @ WAS,L,37,6,12,0.5,0,0,0.0,4,6,0.667,4,4,8,8,1,1,2,3,16,-9,1,2017-18,1627732,Ben Simmons
22017,1627732,0021700909,"Feb 27, 2018",PHI @ MIA,L,33,4,9,0.444,0,0,0.0,3,6,0.5,1,5,6,6,0,1,4,4,11,-11,1,2017-18,1627732,Ben Simmons
22017,1627732,0021700923,"Mar 01, 2018",PHI @ CLE,W,32,8,14,0.571,0,0,0.0,2,2,1.0,1,8,9,8,2,1,2,5,18,11,1,2017-18,1627732,Ben Simmons
22017,1627732,0021700927,"Mar 02, 2018",PHI vs. CHA,W,34,6,10,0.6,0,0,0.0,3,4,0.75,1,7,8,7,0,1,3,1,15,10,1,2017-18,1627732,Ben Simmons
22017,1627732,0021700947,"Mar 04, 2018",PHI @ MIL,L,35,6,9,0.667,0,0,0.0,0,0,0.0,1,4,5,15,0,2,6,2,12,7,1,2017-18,1627732,Ben Simmons
22017,1627732,0021700957,"Mar 06, 2018",PHI @ CHA,W,33,8,9,0.889,0,0,0.0,0,0,0.0,1,7,8,13,0,0,1,1,16,16,1,2017-18,1627732,Ben Simmons
22017,1627732,0021700973,"Mar 08, 2018",PHI @ MIA,L,35,5,10,0.5,0,0,0.0,0,0,0.0,2,6,8,8,3,2,5,2,10,-7,1,2017-18,1627732,Ben Simmons
22017,1627732,0021700999,"Mar 11, 2018",PHI @ BKN,W,29,4,9,0.444,0,0,0.0,3,4,0.75,1,5,6,6,0,0,1,3,11,6,1,2017-18,1627732,Ben Simmons
22017,1627732,0021701005,"Mar 13, 2018",PHI vs. IND,L,30,4,10,0.4,0,0,0.0,2,2,1.0,1,12,13,10,0,0,2,3,10,-2,1,2017-18,1627732,Ben Simmons
22017,1627732,0021701022,"Mar 15, 2018",PHI @ NYK,W,33,5,11,0.455,0,0,0.0,3,8,0.375,3,7,10,12,1,0,5,2,13,5,1,2017-18,1627732,Ben Simmons
22017,1627732,0021701030,"Mar 16, 2018",PHI vs. BKN,W,37,10,17,0.588,0,0,0.0,1,4,0.25,4,4,8,12,3,0,2,4,21,4,1,2017-18,1627732,Ben Simmons
22017,1627732,0021701052,"Mar 19, 2018",PHI vs. CHA,W,33,4,9,0.444,0,0,0.0,3,4,0.75,3,9,12,15,3,0,0,0,11,30,1,2017-18,1627732,Ben Simmons
22017,1627732,0021701066,"Mar 21, 2018",PHI vs. MEM,W,25,6,9,0.667,0,0,0.0,1,1,1.0,1,6,7,9,2,0,3,1,13,28,1,2017-18,1627732,Ben Simmons
22017,1627732,0021701073,"Mar 22, 2018",PHI @ ORL,W,27,3,4,0.75,0,0,0.0,0,2,0.0,0,11,11,10,3,1,4,3,6,23,1,2017-18,1627732,Ben Simmons
22017,1627732,0021701088,"Mar 24, 2018",PHI vs. MIN,W,30,5,9,0.556,0,0,0.0,5,8,0.625,2,10,12,13,2,0,4,2,15,27,1,2017-18,1627732,Ben Simmons
22017,1627732,0021701105,"Mar 26, 2018",PHI vs. DEN,W,34,3,8,0.375,0,1,0.0,1,2,0.5,6,7,13,11,0,1,1,4,7,3,1,2017-18,1627732,Ben Simmons
22017,1627732,0021701118,"Mar 28, 2018",PHI vs. NYK,W,34,6,7,0.857,0,0,0.0,1,4,0.25,2,6,8,10,0,1,4,1,13,9,1,2017-18,1627732,Ben Simmons
22017,1627732,0021701130,"Mar 30, 2018",PHI @ ATL,W,27,6,11,0.545,0,0,0.0,1,3,0.333,0,12,12,11,1,2,2,2,13,21,1,2017-18,1627732,Ben Simmons
22017,1627732,0021701143,"Apr 01, 2018",PHI @ CHA,W,32,10,17,0.588,0,0,0.0,0,0,0.0,1,7,8,15,3,2,1,0,20,21,1,2017-18,1627732,Ben Simmons
22017,1627732,0021701157,"Apr 03, 2018",PHI vs. BKN,W,25,7,10,0.7,0,0,0.0,1,2,0.5,1,11,12,6,1,0,4,2,15,21,1,2017-18,1627732,Ben Simmons
22017,1627732,0021701169,"Apr 04, 2018",PHI @ DET,W,32,7,10,0.7,0,0,0.0,2,4,0.5,0,6,6,7,1,0,2,1,16,-2,1,2017-18,1627732,Ben Simmons
22017,1627732,0021701183,"Apr 06, 2018",PHI vs. CLE,W,36,12,17,0.706,0,0,0.0,3,5,0.6,3,12,15,13,4,1,3,4,27,-3,1,2017-18,1627732,Ben Simmons
22017,1627732,0021701198,"Apr 08, 2018",PHI vs. DAL,W,31,7,10,0.7,0,0,0.0,2,6,0.333,2,5,7,9,4,1,3,3,16,15,1,2017-18,1627732,Ben Simmons
22017,1627732,0021701214,"Apr 10, 2018",PHI @ ATL,W,29,5,9,0.556,0,0,0.0,4,8,0.5,1,9,10,6,2,1,6,6,14,-4,1,2017-18,1627732,Ben Simmons
22017,1627732,0021701223,"Apr 11, 2018",PHI vs. MIL,W,22,1,6,0.167,0,0,0.0,2,2,1.0,2,4,6,7,0,2,4,2,4,15,1,2017-18,1627732,Ben Simmons
22018,1627732,0021800001,"Oct 16, 2018",PHI @ BOS,L,43,7,14,0.5,0,0,0.0,5,10,0.5,3,12,15,8,4,2,3,5,19,-8,1,2018-19,1627732,Ben Simmons
22018,1627732,0021800014,"Oct 18, 2018",PHI vs. CHI,W,34,5,8,0.625,0,0,0.0,3,3,1.0,1,12,13,11,1,2,3,0,13,24,1,2018-19,1627732,Ben Simmons
22018,1627732,0021800029,"Oct 20, 2018",PHI vs. ORL,W,8,2,3,0.667,0,0,0.0,0,0,0.0,0,0,0,4,0,0,0,2,4,-12,1,2018-19,1627732,Ben Simmons
22018,1627732,0021800059,"Oct 24, 2018",PHI @ MIL,L,38,6,15,0.4,0,0,0.0,2,6,0.333,3,10,13,11,1,0,3,5,14,-10,1,2018-19,1627732,Ben Simmons
22018,1627732,0021800078,"Oct 27, 2018",PHI vs. CHA,W,32,5,20,0.25,0,0,0.0,4,6,0.667,6,6,12,3,1,0,4,4,14,-6,1,2018-19,1627732,Ben Simmons
22018,1627732,0021800088,"Oct 29, 2018",PHI vs. ATL,W,27,8,11,0.727,0,0,0.0,5,5,1.0,5,7,12,9,0,1,2,3,21,19,1,2018-19,1627732,Ben Simmons
22018,1627732,0021800100,"Oct 30, 2018",PHI @ TOR,L,34,4,9,0.444,0,0,0.0,3,6,0.5,3,5,8,10,0,0,11,4,11,-12,1,2018-19,1627732,Ben Simmons
22018,1627732,0021800113,"Nov 01, 2018",PHI vs. LAC,W,35,6,11,0.545,0,0,0.0,2,2,1.0,1,2,3,11,1,0,2,3,14,-2,1,2018-19,1627732,Ben Simmons
22018,1627732,0021800125,"Nov 03, 2018",PHI vs. DET,W,29,2,4,0.5,0,0,0.0,5,6,0.833,1,4,5,5,5,0,2,5,9,5,1,2018-19,1627732,Ben Simmons
22018,1627732,0021800134,"Nov 04, 2018",PHI @ BKN,L,27,8,11,0.727,0,0,0.0,4,9,0.444,3,9,12,3,4,0,5,0,20,-15,1,2018-19,1627732,Ben Simmons
22018,1627732,0021800157,"Nov 07, 2018",PHI @ IND,W,34,7,12,0.583,0,0,0.0,2,4,0.5,0,10,10,8,0,2,1,3,16,0,1,2018-19,1627732,Ben Simmons
22018,1627732,0021800168,"Nov 09, 2018",PHI vs. CHA,W,41,9,16,0.563,0,0,0.0,4,6,0.667,3,6,9,13,2,3,3,4,22,-2,1,2018-19,1627732,Ben Simmons
22018,1627732,0021800179,"Nov 10, 2018",PHI @ MEM,L,38,9,15,0.6,0,0,0.0,0,0,0.0,2,12,14,5,0,1,6,1,18,-17,1,2018-19,1627732,Ben Simmons
22018,1627732,0021800191,"Nov 12, 2018",PHI @ MIA,W,35,5,7,0.714,0,0,0.0,3,4,0.75,2,5,7,7,1,0,4,0,13,20,1,2018-19,1627732,Ben Simmons
22018,1627732,0021800202,"Nov 14, 2018",PHI @ ORL,L,31,3,5,0.6,0,0,0.0,3,5,0.6,0,3,3,6,0,1,1,3,9,-12,1,2018-19,1627732,Ben Simmons
22018,1627732,0021800218,"Nov 16, 2018",PHI vs. UTA,W,36,4,9,0.444,0,0,0.0,2,5,0.4,0,8,8,8,1,1,3,2,10,15,1,2018-19,1627732,Ben Simmons
22018,1627732,0021800225,"Nov 17, 2018",PHI @ CHA,W,39,7,13,0.538,0,0,0.0,9,11,0.818,1,10,11,9,2,0,4,2,23,1,1,2018-19,1627732,Ben Simmons
22018,1627732,0021800242,"Nov 19, 2018",PHI vs. PHX,W,32,9,13,0.692,0,0,0.0,1,6,0.167,2,9,11,9,1,0,4,2,19,-3,1,2018-19,1627732,Ben Simmons
22018,1627732,0021800253,"Nov 21, 2018",PHI vs. NOP,W,35,9,18,0.5,0,0,0.0,4,4,1.0,0,8,8,7,1,2,6,3,22,14,1,2018-19,1627732,Ben Simmons
22018,1627732,0021800270,"Nov 23, 2018",PHI vs. CLE,L,37,10,12,0.833,0,0,0.0,2,5,0.4,1,3,4,10,1,1,1,4,22,-14,1,2018-19,1627732,Ben Simmons
22018,1627732,0021800289,"Nov 25, 2018",PHI @ BKN,W,38,5,13,0.385,0,0,0.0,3,6,0.5,3,2,5,9,3,2,3,1,13,9,1,2018-19,1627732,Ben Simmons
22018,1627732,0021800307,"Nov 28, 2018",PHI vs. NYK,W,24,5,9,0.556,0,0,0.0,4,7,0.571,3,5,8,7,1,0,2,3,14,8,1,2018-19,1627732,Ben Simmons
22018,1627732,0021800322,"Nov 30, 2018",PHI vs. WAS,W,25,5,5,1.0,0,0,0.0,3,3,1.0,1,7,8,10,1,0,6,3,13,22,1,2018-19,1627732,Ben Simmons
22018,1627732,0021800340,"Dec 02, 2018",PHI vs. MEM,W,37,8,10,0.8,0,0,0.0,3,8,0.375,2,10,12,6,2,0,3,4,19,5,1,2018-19,1627732,Ben Simmons
22018,1627732,0021800359,"Dec 05, 2018",PHI @ TOR,L,34,4,6,0.667,0,0,0.0,0,0,0.0,2,8,10,11,1,0,7,4,8,1,1,2018-19,1627732,Ben Simmons
22018,1627732,0021800369,"Dec 07, 2018",PHI @ DET,W,40,8,11,0.727,0,0,0.0,2,2,1.0,3,10,13,6,1,3,4,3,18,4,1,2018-19,1627732,Ben Simmons
22018,1627732,0021800392,"Dec 10, 2018",PHI vs. DET,W,30,8,11,0.727,0,0,0.0,2,9,0.222,4,6,10,7,2,1,2,0,18,21,1,2018-19,1627732,Ben Simmons
22018,1627732,0021800408,"Dec 12, 2018",PHI vs. BKN,L,35,9,15,0.6,0,0,0.0,4,5,0.8,3,5,8,7,4,2,3,3,22,-2,1,2018-19,1627732,Ben Simmons
22018,1627732,0021800424,"Dec 14, 2018",PHI vs. IND,L,38,7,15,0.467,0,0,0.0,4,8,0.5,2,7,9,4,2,1,3,3,18,-13,1,2018-19,1627732,Ben Simmons
22018,1627732,0021800437,"Dec 16, 2018",PHI @ CLE,W,32,9,15,0.6,0,0,0.0,4,5,0.8,4,7,11,14,1,0,0,4,22,23,1,2018-19,1627732,Ben Simmons
22018,1627732,0021800448,"Dec 17, 2018",PHI @ SAS,L,29,7,10,0.7,0,0,0.0,2,2,1.0,0,6,6,6,0,0,3,2,16,-27,1,2018-19,1627732,Ben Simmons
22018,1627732,0021800457,"Dec 19, 2018",PHI vs. NYK,W,31,5,10,0.5,0,0,0.0,3,4,0.75,3,9,12,10,1,1,3,0,13,9,1,2018-19,1627732,Ben Simmons
22018,1627732,0021800481,"Dec 22, 2018",PHI vs. TOR,W,34,11,13,0.846,0,0,0.0,4,6,0.667,1,11,12,8,0,1,1,2,26,17,1,2018-19,1627732,Ben Simmons
22018,1627732,0021800499,"Dec 25, 2018",PHI @ BOS,L,38,4,9,0.444,0,0,0.0,3,7,0.429,4,10,14,8,0,0,4,4,11,-17,1,2018-19,1627732,Ben Simmons
22018,1627732,0021800515,"Dec 27, 2018",PHI @ UTA,W,31,6,13,0.462,0,0,0.0,1,2,0.5,6,8,14,12,3,1,7,1,13,8,1,2018-19,1627732,Ben Simmons
22018,1627732,0021800540,"Dec 30, 2018",PHI @ POR,L,25,7,12,0.583,0,0,0.0,5,10,0.5,0,3,3,3,1,0,2,3,19,-7,1,2018-19,1627732,Ben Simmons
22018,1627732,0021800553,"Jan 01, 2019",PHI @ LAC,W,33,6,13,0.462,0,0,0.0,2,6,0.333,1,8,9,8,1,1,4,3,14,-1,1,2018-19,1627732,Ben Simmons
22018,1627732,0021800561,"Jan 02, 2019",PHI @ PHX,W,40,7,11,0.636,0,0,0.0,15,23,0.652,0,3,3,7,0,1,4,3,29,10,1,2018-19,1627732,Ben Simmons
22018,1627732,0021800578,"Jan 05, 2019",PHI vs. DAL,W,36,9,16,0.563,0,0,0.0,2,6,0.333,3,10,13,11,0,0,4,2,20,12,1,2018-19,1627732,Ben Simmons
22018,1627732,0021800600,"Jan 08, 2019",PHI vs. WAS,W,28,8,15,0.533,0,0,0.0,1,2,0.5,2,3,5,9,3,0,2,1,17,17,1,2018-19,1627732,Ben Simmons
22018,1627732,0021800608,"Jan 09, 2019",PHI @ WAS,L,35,7,15,0.467,0,0,0.0,1,4,0.25,3,7,10,8,2,0,7,1,15,-16,1,2018-19,1627732,Ben Simmons
22018,1627732,0021800621,"Jan 11, 2019",PHI vs. ATL,L,43,10,13,0.769,0,0,0.0,3,7,0.429,3,7,10,15,2,1,3,3,23,-12,1,2018-19,1627732,Ben Simmons
22018,1627732,0021800638,"Jan 13, 2019",PHI @ NYK,W,37,10,13,0.769,0,0,0.0,0,2,0.0,5,17,22,9,0,0,2,4,20,7,1,2018-19,1627732,Ben Simmons
22018,1627732,0021800652,"Jan 15, 2019",PHI vs. MIN,W,26,7,10,0.7,0,0,0.0,6,7,0.857,3,8,11,9,1,3,3,1,20,24,1,2018-19,1627732,Ben Simmons
22018,1627732,0021800667,"Jan 17, 2019",PHI @ IND,W,33,5,10,0.5,0,0,0.0,1,2,0.5,1,7,8,8,1,1,6,2,11,13,1,2018-19,1627732,Ben Simmons
22018,1627732,0021800678,"Jan 19, 2019",PHI vs. OKC,L,36,8,12,0.667,0,0,0.0,4,8,0.5,5,9,14,9,0,1,6,3,20,-9,1,2018-19,1627732,Ben Simmons
22018,1627732,0021800699,"Jan 21, 2019",PHI vs. HOU,W,28,3,12,0.25,0,0,0.0,3,4,0.75,1,5,6,6,1,2,2,2,9,18,1,2018-19,1627732,Ben Simmons
22018,1627732,0021800711,"Jan 23, 2019",PHI vs. SAS,W,35,9,14,0.643,0,0,0.0,3,4,0.75,2,8,10,15,1,0,3,2,21,2,1,2018-19,1627732,Ben Simmons
22018,1627732,0021800733,"Jan 26, 2019",PHI @ DEN,L,35,6,17,0.353,0,1,0.0,7,10,0.7,1,11,12,4,0,0,3,3,19,-11,1,2018-19,1627732,Ben Simmons
22018,1627732,0021800755,"Jan 29, 2019",PHI @ LAL,W,37,9,18,0.5,0,0,0.0,1,1,1.0,3,5,8,6,3,1,2,2,19,8,1,2018-19,1627732,Ben Simmons
22018,1627732,0021800768,"Jan 31, 2019",PHI @ GSW,W,38,10,13,0.769,0,0,0.0,6,9,0.667,5,3,8,6,3,1,4,3,26,9,1,2018-19,1627732,Ben Simmons
22018,1627732,0021800785,"Feb 02, 2019",PHI @ SAC,L,42,9,14,0.643,0,0,0.0,4,6,0.667,2,6,8,4,1,0,3,1,22,-13,1,2018-19,1627732,Ben Simmons
22018,1627732,0021800800,"Feb 05, 2019",PHI vs. TOR,L,44,8,15,0.533,0,0,0.0,4,5,0.8,2,5,7,6,3,0,6,1,20,-3,1,2018-19,1627732,Ben Simmons
22018,1627732,0021800818,"Feb 08, 2019",PHI vs. DEN,W,34,5,10,0.5,0,1,0.0,2,3,0.667,2,2,4,6,0,0,9,1,12,2,1,2018-19,1627732,Ben Simmons
22018,1627732,0021800835,"Feb 10, 2019",PHI vs. LAL,W,29,3,13,0.231,0,1,0.0,2,2,1.0,0,3,3,7,1,1,2,2,8,6,1,2018-19,1627732,Ben Simmons
22018,1627732,0021800849,"Feb 12, 2019",PHI vs. BOS,L,35,7,9,0.778,0,0,0.0,2,7,0.286,1,4,5,5,2,0,3,1,16,1,1,2018-19,1627732,Ben Simmons
22018,1627732,0021800856,"Feb 13, 2019",PHI @ NYK,W,34,5,7,0.714,0,0,0.0,8,14,0.571,1,3,4,7,1,1,5,4,18,7,1,2018-19,1627732,Ben Simmons
22018,1627732,0021800868,"Feb 21, 2019",PHI vs. MIA,W,38,9,19,0.474,0,0,0.0,3,7,0.429,2,5,7,4,1,1,2,1,21,-3,1,2018-19,1627732,Ben Simmons
22018,1627732,0021800882,"Feb 23, 2019",PHI vs. POR,L,36,11,17,0.647,0,0,0.0,7,8,0.875,1,6,7,10,0,0,4,3,29,-20,1,2018-19,1627732,Ben Simmons
22018,1627732,0021800906,"Feb 25, 2019",PHI @ NOP,W,34,7,16,0.438,0,1,0.0,0,0,0.0,4,8,12,2,1,1,3,2,14,-5,1,2018-19,1627732,Ben Simmons
22018,1627732,0021800927,"Feb 28, 2019",PHI @ OKC,W,41,5,9,0.556,0,0,0.0,1,4,0.25,3,10,13,11,2,2,4,5,11,0,1,2018-19,1627732,Ben Simmons
22018,1627732,0021800938,"Mar 02, 2019",PHI vs. GSW,L,41,10,15,0.667,0,0,0.0,5,6,0.833,2,13,15,11,3,0,9,3,25,-11,1,2018-19,1627732,Ben Simmons
22018,1627732,0021800960,"Mar 05, 2019",PHI vs. ORL,W,40,6,15,0.4,0,0,0.0,4,5,0.8,4,9,13,8,2,1,2,2,16,6,1,2018-19,1627732,Ben Simmons
22018,1627732,0021800970,"Mar 06, 2019",PHI @ CHI,L,35,7,14,0.5,0,0,0.0,4,5,0.8,3,8,11,7,4,0,5,3,18,-5,1,2018-19,1627732,Ben Simmons
22018,1627732,0021800981,"Mar 08, 2019",PHI @ HOU,L,34,6,15,0.4,0,0,0.0,3,3,1.0,3,6,9,10,2,1,7,4,15,-15,1,2018-19,1627732,Ben Simmons
22018,1627732,0021800994,"Mar 10, 2019",PHI vs. IND,W,35,6,10,0.6,0,0,0.0,3,5,0.6,0,4,4,6,1,0,1,5,15,19,1,2018-19,1627732,Ben Simmons
22018,1627732,0021801008,"Mar 12, 2019",PHI vs. CLE,W,38,10,16,0.625,0,0,0.0,6,8,0.75,3,7,10,8,1,0,2,4,26,11,1,2018-19,1627732,Ben Simmons
22018,1627732,0021801027,"Mar 15, 2019",PHI vs. SAC,W,36,8,12,0.667,0,0,0.0,2,2,1.0,1,1,2,5,1,0,0,2,18,-4,1,2018-19,1627732,Ben Simmons
22018,1627732,0021801043,"Mar 17, 2019",PHI @ MIL,W,35,4,8,0.5,0,0,0.0,0,2,0.0,4,5,9,9,0,0,3,3,8,-6,2,2018-19,1627732,Ben Simmons
22018,1627732,0021801059,"Mar 19, 2019",PHI @ CHA,W,38,11,12,0.917,0,0,0.0,6,10,0.6,0,8,8,5,1,2,1,2,28,6,1,2018-19,1627732,Ben Simmons
22018,1627732,0021801067,"Mar 20, 2019",PHI vs. BOS,W,42,5,9,0.556,0,0,0.0,3,4,0.75,3,5,8,7,3,2,2,3,13,12,1,2018-19,1627732,Ben Simmons
22018,1627732,0021801088,"Mar 23, 2019",PHI @ ATL,L,35,9,16,0.563,0,0,0.0,3,4,0.75,1,5,6,9,4,2,2,4,21,1,1,2018-19,1627732,Ben Simmons
22018,1627732,0021801123,"Mar 28, 2019",PHI vs. BKN,W,30,7,14,0.5,0,0,0.0,2,4,0.5,2,2,4,8,1,0,3,6,16,14,1,2018-19,1627732,Ben Simmons
22018,1627732,0021801143,"Mar 30, 2019",PHI @ MIN,W,36,8,11,0.727,0,1,0.0,4,6,0.667,0,11,11,9,2,1,5,3,20,20,1,2018-19,1627732,Ben Simmons
22018,1627732,0021801158,"Apr 01, 2019",PHI @ DAL,L,32,5,15,0.333,0,1,0.0,7,11,0.636,2,5,7,5,0,3,3,3,17,-21,1,2018-19,1627732,Ben Simmons
22018,1627732,0021801168,"Apr 03, 2019",PHI @ ATL,L,33,6,17,0.353,0,0,0.0,3,8,0.375,5,11,16,8,4,1,3,5,15,6,1,2018-19,1627732,Ben Simmons
22018,1627732,0021801177,"Apr 04, 2019",PHI vs. MIL,L,36,3,5,0.6,0,0,0.0,0,0,0.0,0,4,4,13,0,1,4,3,6,-7,1,2018-19,1627732,Ben Simmons
22018,1627732,0021801194,"Apr 06, 2019",PHI @ CHI,W,26,6,10,0.6,0,0,0.0,2,5,0.4,3,1,4,4,2,1,1,0,14,13,1,2018-19,1627732,Ben Simmons
22018,1627732,0021801212,"Apr 09, 2019",PHI @ MIA,L,21,7,12,0.583,0,0,0.0,2,2,1.0,2,2,4,1,2,0,4,3,16,-11,1,2018-19,1627732,Ben Simmons
22019,1627732,0021900008,"Oct 23, 2019",PHI vs. BOS,W,35,11,16,0.688,0,0,0.0,2,5,0.4,2,6,8,9,0,0,4,4,24,15,1,2019-20,1627732,Ben Simmons
22019,1627732,0021900027,"Oct 26, 2019",PHI @ DET,W,35,5,13,0.385,0,0,0.0,3,7,0.429,0,4,4,10,7,0,5,4,13,7,1,2019-20,1627732,Ben Simmons
22019,1627732,0021900043,"Oct 28, 2019",PHI @ ATL,W,38,6,11,0.545,0,0,0.0,1,2,0.5,1,5,6,6,1,1,4,4,13,-4,1,2019-20,1627732,Ben Simmons
22019,1627732,0021900057,"Oct 30, 2019",PHI vs. MIN,W,33,7,13,0.538,0,0,0.0,2,4,0.5,1,2,3,7,3,2,6,3,16,19,1,2019-20,1627732,Ben Simmons
22019,1627732,0021900084,"Nov 02, 2019",PHI @ POR,W,36,7,16,0.438,0,0,0.0,4,5,0.8,2,9,11,8,2,0,3,3,18,-10,1,2019-20,1627732,Ben Simmons
22019,1627732,0021900095,"Nov 04, 2019",PHI @ PHX,L,36,2,8,0.25,0,0,0.0,2,2,1.0,0,5,5,6,7,0,4,3,6,-2,1,2019-20,1627732,Ben Simmons
22019,1627732,0021900110,"Nov 06, 2019",PHI @ UTA,L,10,1,2,0.5,0,0,0.0,0,0,0.0,0,1,1,2,1,0,0,0,2,-7,1,2019-20,1627732,Ben Simmons
22019,1627732,0021900147,"Nov 12, 2019",PHI vs. CLE,W,35,7,9,0.778,0,0,0.0,1,3,0.333,1,4,5,6,2,2,4,3,15,4,1,2019-20,1627732,Ben Simmons
22019,1627732,0021900155,"Nov 13, 2019",PHI @ ORL,L,35,9,12,0.75,0,0,0.0,0,0,0.0,2,6,8,5,0,0,2,4,18,-12,1,2019-20,1627732,Ben Simmons
22019,1627732,0021900172,"Nov 15, 2019",PHI @ OKC,L,46,6,8,0.75,0,0,0.0,4,6,0.667,7,4,11,8,1,0,5,6,16,-1,1,2019-20,1627732,Ben Simmons
22019,1627732,0021900183,"Nov 17, 2019",PHI @ CLE,W,26,5,8,0.625,0,0,0.0,0,0,0.0,0,4,4,11,1,2,3,4,10,14,1,2019-20,1627732,Ben Simmons
22019,1627732,0021900202,"Nov 20, 2019",PHI vs. NYK,W,42,7,9,0.778,1,1,1.0,3,4,0.75,1,6,7,13,1,1,1,2,18,10,1,2019-20,1627732,Ben Simmons
22019,1627732,0021900218,"Nov 22, 2019",PHI vs. SAS,W,32,3,10,0.3,0,0,0.0,4,8,0.5,1,9,10,13,2,1,5,5,10,10,1,2019-20,1627732,Ben Simmons
22019,1627732,0021900230,"Nov 23, 2019",PHI vs. MIA,W,27,2,6,0.333,0,0,0.0,0,0,0.0,1,7,8,7,4,0,3,3,4,34,1,2019-20,1627732,Ben Simmons
22019,1627732,0021900246,"Nov 25, 2019",PHI @ TOR,L,41,4,8,0.5,0,1,0.0,2,2,1.0,3,6,9,14,2,0,7,2,10,-8,1,2019-20,1627732,Ben Simmons
22019,1627732,0021900257,"Nov 27, 2019",PHI vs. SAC,W,37,5,10,0.5,0,0,0.0,0,0,0.0,2,11,13,5,2,0,5,3,10,0,1,2019-20,1627732,Ben Simmons
22019,1627732,0021900271,"Nov 29, 2019",PHI @ NYK,W,38,5,11,0.455,0,0,0.0,5,10,0.5,1,4,5,8,2,0,4,4,15,0,1,2019-20,1627732,Ben Simmons
22019,1627732,0021900281,"Nov 30, 2019",PHI vs. IND,W,38,4,13,0.308,0,1,0.0,7,7,1.0,1,5,6,13,4,1,3,3,15,1,1,2019-20,1627732,Ben Simmons
22019,1627732,0021900294,"Dec 02, 2019",PHI vs. UTA,W,34,7,11,0.636,0,0,0.0,0,4,0.0,3,5,8,9,4,0,3,4,14,19,1,2019-20,1627732,Ben Simmons
22019,1627732,0021900316,"Dec 05, 2019",PHI @ WAS,L,36,8,10,0.8,0,0,0.0,1,4,0.25,2,3,5,10,3,0,7,5,17,-4,1,2019-20,1627732,Ben Simmons
22019,1627732,0021900332,"Dec 07, 2019",PHI vs. CLE,W,26,12,14,0.857,1,1,1.0,9,12,0.75,0,3,3,7,1,2,1,2,34,32,1,2019-20,1627732,Ben Simmons
22019,1627732,0021900338,"Dec 08, 2019",PHI vs. TOR,W,39,8,11,0.727,0,0,0.0,0,0,0.0,3,8,11,9,0,0,5,2,16,4,1,2019-20,1627732,Ben Simmons
22019,1627732,0021900353,"Dec 10, 2019",PHI vs. DEN,W,37,3,6,0.5,0,1,0.0,1,4,0.25,2,7,9,7,1,0,4,3,7,-2,1,2019-20,1627732,Ben Simmons
22019,1627732,0021900367,"Dec 12, 2019",PHI @ BOS,W,36,2,6,0.333,0,0,0.0,3,4,0.75,0,8,8,6,0,1,5,4,7,-2,1,2019-20,1627732,Ben Simmons
22019,1627732,0021900372,"Dec 13, 2019",PHI vs. NOP,W,38,9,15,0.6,0,0,0.0,6,10,0.6,1,2,3,11,3,2,1,2,24,6,1,2019-20,1627732,Ben Simmons
22019,1627732,0021900391,"Dec 15, 2019",PHI @ BKN,L,29,7,10,0.7,0,0,0.0,6,8,0.75,1,4,5,3,1,2,1,3,20,-11,1,2019-20,1627732,Ben Simmons
22019,1627732,0021900410,"Dec 18, 2019",PHI vs. MIA,L,42,7,13,0.538,0,0,0.0,3,4,0.75,1,5,6,6,2,1,3,4,17,4,1,2019-20,1627732,Ben Simmons
22019,1627732,0021900425,"Dec 20, 2019",PHI vs. DAL,L,36,4,10,0.4,0,0,0.0,4,7,0.571,2,4,6,8,3,0,5,3,12,-14,1,2019-20,1627732,Ben Simmons
22019,1627732,0021900433,"Dec 21, 2019",PHI vs. WAS,W,33,5,10,0.5,0,0,0.0,4,9,0.444,4,4,8,11,4,0,6,4,14,2,1,2019-20,1627732,Ben Simmons
22019,1627732,0021900445,"Dec 23, 2019",PHI @ DET,W,37,8,14,0.571,0,0,0.0,0,0,0.0,6,7,13,17,0,0,4,4,16,20,1,2019-20,1627732,Ben Simmons
22019,1627732,0021900456,"Dec 25, 2019",PHI vs. MIL,W,38,7,10,0.7,0,0,0.0,1,2,0.5,1,6,7,14,3,2,2,3,15,9,1,2019-20,1627732,Ben Simmons
22019,1627732,0021900468,"Dec 27, 2019",PHI @ ORL,L,39,5,11,0.455,0,0,0.0,3,6,0.5,1,8,9,7,4,0,3,5,13,1,1,2019-20,1627732,Ben Simmons
22019,1627732,0021900475,"Dec 28, 2019",PHI @ MIA,L,43,6,12,0.5,0,0,0.0,3,6,0.5,3,4,7,11,3,1,1,4,15,-12,1,2019-20,1627732,Ben Simmons
22019,1627732,0021900498,"Dec 31, 2019",PHI @ IND,L,32,6,11,0.545,0,0,0.0,6,8,0.75,1,9,10,3,0,1,6,2,18,-23,1,2019-20,1627732,Ben Simmons
22019,1627732,0021900520,"Jan 03, 2020",PHI @ HOU,L,42,13,20,0.65,0,0,0.0,3,7,0.429,6,7,13,11,3,4,3,5,29,-8,1,2019-20,1627732,Ben Simmons
22019,1627732,0021900541,"Jan 06, 2020",PHI vs. OKC,W,38,6,12,0.5,0,0,0.0,5,6,0.833,4,11,15,8,1,0,2,4,17,18,1,2019-20,1627732,Ben Simmons
22019,1627732,0021900564,"Jan 09, 2020",PHI vs. BOS,W,39,9,15,0.6,0,0,0.0,1,4,0.25,2,7,9,3,1,0,3,1,19,4,1,2019-20,1627732,Ben Simmons
22019,1627732,0021900581,"Jan 11, 2020",PHI @ DAL,L,37,5,11,0.455,0,0,0.0,1,1,1.0,2,3,5,11,4,0,0,5,11,-19,1,2019-20,1627732,Ben Simmons
22019,1627732,0021900592,"Jan 13, 2020",PHI @ IND,L,40,10,17,0.588,0,0,0.0,4,4,1.0,3,11,14,3,1,0,2,3,24,2,1,2019-20,1627732,Ben Simmons
22019,1627732,0021900605,"Jan 15, 2020",PHI vs. BKN,W,41,9,13,0.692,0,0,0.0,2,7,0.286,2,4,6,11,1,1,4,5,20,8,1,2019-20,1627732,Ben Simmons
22019,1627732,0021900620,"Jan 17, 2020",PHI vs. CHI,W,37,10,17,0.588,0,0,0.0,0,0,0.0,3,8,11,7,1,0,2,2,20,17,1,2019-20,1627732,Ben Simmons
22019,1627732,0021900630,"Jan 18, 2020",PHI @ NYK,W,40,9,15,0.6,0,0,0.0,3,8,0.375,3,4,7,8,2,0,0,1,21,-3,1,2019-20,1627732,Ben Simmons
22019,1627732,0021900641,"Jan 20, 2020",PHI @ BKN,W,42,12,14,0.857,0,0,0.0,10,14,0.714,2,10,12,12,5,2,3,3,34,13,1,2019-20,1627732,Ben Simmons
22019,1627732,0021900660,"Jan 22, 2020",PHI @ TOR,L,38,5,7,0.714,0,0,0.0,7,9,0.778,2,8,10,8,2,0,8,3,17,-14,1,2019-20,1627732,Ben Simmons
22019,1627732,0021900684,"Jan 25, 2020",PHI vs. LAL,W,41,12,15,0.8,0,0,0.0,4,6,0.667,3,7,10,8,4,0,5,3,28,15,1,2019-20,1627732,Ben Simmons
22019,1627732,0021900702,"Jan 28, 2020",PHI vs. GSW,W,27,4,11,0.364,0,0,0.0,9,10,0.9,0,4,4,5,1,0,2,2,17,-4,1,2019-20,1627732,Ben Simmons
22019,1627732,0021900716,"Jan 30, 2020",PHI @ ATL,L,42,10,15,0.667,0,0,0.0,11,13,0.846,4,2,6,5,4,0,3,2,31,-13,1,2019-20,1627732,Ben Simmons
22019,1627732,0021900732,"Feb 01, 2020",PHI @ BOS,L,37,9,14,0.643,0,0,0.0,5,9,0.556,2,7,9,5,1,0,4,2,23,-16,1,2019-20,1627732,Ben Simmons
22019,1627732,0021900747,"Feb 03, 2020",PHI @ MIA,L,34,4,7,0.571,0,1,0.0,8,9,0.889,1,7,8,7,0,0,4,5,16,-31,1,2019-20,1627732,Ben Simmons
22019,1627732,0021900766,"Feb 06, 2020",PHI @ MIL,L,42,5,6,0.833,0,0,0.0,1,4,0.25,4,10,14,9,2,1,4,4,11,-13,1,2019-20,1627732,Ben Simmons
22019,1627732,0021900769,"Feb 07, 2020",PHI vs. MEM,W,35,9,14,0.643,0,0,0.0,4,5,0.8,0,4,4,10,3,1,7,3,22,23,1,2019-20,1627732,Ben Simmons
22019,1627732,0021900788,"Feb 09, 2020",PHI vs. CHI,W,37,6,13,0.462,0,0,0.0,7,10,0.7,3,7,10,10,4,0,7,3,19,-2,1,2019-20,1627732,Ben Simmons
22019,1627732,0021900802,"Feb 11, 2020",PHI vs. LAC,W,43,12,22,0.545,0,0,0.0,2,3,0.667,4,8,12,10,1,0,3,3,26,9,1,2019-20,1627732,Ben Simmons
22019,1627732,0021900840,"Feb 22, 2020",PHI @ MIL,L,5,2,2,1.0,0,0,0.0,1,2,0.5,1,1,2,1,0,1,1,0,5,-7,1,2019-20,1627732,Ben Simmons
22019,1627732,0021901242,"Aug 01, 2020",PHI @ IND,L,38,8,14,0.571,0,0,0.0,3,6,0.5,4,9,13,4,1,0,4,5,19,-11,1,2019-20,1627732,Ben Simmons
22019,1627732,0021901254,"Aug 03, 2020",PHI vs. SAS,W,25,4,6,0.667,0,0,0.0,0,0,0.0,0,2,2,5,1,1,2,6,8,-3,1,2019-20,1627732,Ben Simmons
22019,1627732,0021901263,"Aug 05, 2020",PHI @ WAS,W,23,2,10,0.2,0,1,0.0,4,8,0.5,1,5,6,4,2,0,2,2,8,-3,1,2019-20,1627732,Ben Simmons
22020,1627732,0022000013,"Dec 23, 2020",PHI vs. WAS,W,32,7,12,0.583,0,0,0.0,2,6,0.333,1,8,9,7,2,3,4,3,16,-2,1,2020-21,1627732,Ben Simmons
22020,1627732,0022000025,"Dec 26, 2020",PHI @ NYK,W,33,5,9,0.556,0,0,0.0,5,8,0.625,1,8,9,6,1,2,3,4,15,22,1,2020-21,1627732,Ben Simmons
22020,1627732,0022000035,"Dec 27, 2020",PHI @ CLE,L,28,5,8,0.625,0,0,0.0,5,7,0.714,0,6,6,4,2,2,6,2,15,-21,1,2020-21,1627732,Ben Simmons
22020,1627732,0022000049,"Dec 29, 2020",PHI vs. TOR,W,37,3,11,0.273,0,0,0.0,5,8,0.625,0,13,13,7,1,1,3,1,11,10,1,2020-21,1627732,Ben Simmons
22020,1627732,0022000064,"Dec 31, 2020",PHI @ ORL,W,25,3,7,0.429,1,1,1.0,2,2,1.0,2,8,10,8,2,0,2,3,9,25,1,2020-21,1627732,Ben Simmons
22020,1627732,0022000082,"Jan 02, 2021",PHI vs. CHA,W,37,6,9,0.667,0,0,0.0,3,5,0.6,1,11,12,11,1,1,4,4,15,11,1,2020-21,1627732,Ben Simmons
22020,1627732,0022000094,"Jan 04, 2021",PHI vs. CHA,W,35,6,13,0.462,0,0,0.0,0,0,0.0,1,9,10,6,0,1,2,2,12,7,1,2020-21,1627732,Ben Simmons
22020,1627732,0022000109,"Jan 06, 2021",PHI vs. WAS,W,36,7,9,0.778,0,0,0.0,3,6,0.5,0,6,6,12,2,0,3,5,17,6,1,2020-21,1627732,Ben Simmons
22020,1627732,0022000118,"Jan 07, 2021",PHI @ BKN,L,32,4,13,0.308,0,1,0.0,3,4,0.75,1,3,4,2,2,1,5,4,11,-22,1,2020-21,1627732,Ben Simmons
22020,1627732,0022000157,"Jan 12, 2021",PHI vs. MIA,W,32,2,2,1.0,0,0,0.0,1,2,0.5,1,5,6,12,2,0,6,6,5,2,1,2020-21,1627732,Ben Simmons
22020,1627732,0022000174,"Jan 14, 2021",PHI vs. MIA,W,34,4,8,0.5,0,1,0.0,2,2,1.0,2,8,10,12,3,0,5,4,10,10,1,2020-21,1627732,Ben Simmons
22020,1627732,0022000193,"Jan 16, 2021",PHI @ MEM,L,36,3,9,0.333,0,2,0.0,5,7,0.714,4,12,16,9,0,1,7,3,11,0,1,2020-21,1627732,Ben Simmons
22020,1627732,0022000218,"Jan 20, 2021",PHI vs. BOS,W,33,2,5,0.4,0,0,0.0,7,10,0.7,3,5,8,8,2,0,3,5,11,2,1,2020-21,1627732,Ben Simmons
22020,1627732,0022000233,"Jan 22, 2021",PHI vs. BOS,W,36,7,10,0.7,0,0,0.0,1,3,0.333,1,2,3,11,2,1,2,5,15,9,1,2020-21,1627732,Ben Simmons
22020,1627732,0022000243,"Jan 23, 2021",PHI @ DET,W,34,5,7,0.714,0,0,0.0,10,12,0.833,1,8,9,7,3,1,2,3,20,9,1,2020-21,1627732,Ben Simmons
22020,1627732,0022000257,"Jan 25, 2021",PHI @ DET,L,21,5,9,0.556,0,1,0.0,1,3,0.333,2,2,4,4,2,0,2,4,11,-2,1,2020-21,1627732,Ben Simmons
22020,1627732,0022000276,"Jan 27, 2021",PHI vs. LAL,W,39,8,15,0.533,0,0,0.0,1,2,0.5,3,8,11,10,1,1,1,2,17,-11,1,2020-21,1627732,Ben Simmons
22020,1627732,0022000294,"Jan 29, 2021",PHI @ MIN,W,26,4,10,0.4,0,0,0.0,3,4,0.75,1,3,4,7,1,0,1,1,11,18,1,2020-21,1627732,Ben Simmons
22020,1627732,0022000307,"Jan 31, 2021",PHI @ IND,W,35,9,12,0.75,0,0,0.0,3,6,0.5,1,5,6,7,4,2,3,2,21,4,1,2020-21,1627732,Ben Simmons
22020,1627732,0022000327,"Feb 03, 2021",PHI @ CHA,W,35,7,12,0.583,0,0,0.0,1,2,0.5,2,4,6,9,1,1,5,4,15,16,1,2020-21,1627732,Ben Simmons
22020,1627732,0022000354,"Feb 06, 2021",PHI vs. BKN,W,35,7,10,0.7,0,0,0.0,2,2,1.0,3,9,12,8,3,0,6,4,16,14,1,2020-21,1627732,Ben Simmons
22020,1627732,0022000381,"Feb 09, 2021",PHI @ SAC,W,34,6,13,0.462,0,0,0.0,2,6,0.333,3,4,7,9,1,0,2,1,14,9,1,2020-21,1627732,Ben Simmons
22020,1627732,0022000394,"Feb 11, 2021",PHI @ POR,L,37,10,12,0.833,0,0,0.0,3,3,1.0,3,8,11,9,1,1,1,3,23,7,1,2020-21,1627732,Ben Simmons
22020,1627732,0022000406,"Feb 13, 2021",PHI @ PHX,L,35,6,9,0.667,0,0,0.0,6,9,0.667,0,6,6,4,2,0,2,3,18,-5,1,2020-21,1627732,Ben Simmons
22020,1627732,0022000423,"Feb 15, 2021",PHI @ UTA,L,38,15,26,0.577,0,0,0.0,12,13,0.923,3,6,9,12,1,1,4,2,42,-5,1,2020-21,1627732,Ben Simmons
22020,1627732,0022000468,"Feb 21, 2021",PHI @ TOR,L,39,9,11,0.818,0,0,0.0,10,14,0.714,4,5,9,5,1,0,1,4,28,9,1,2020-21,1627732,Ben Simmons
22020,1627732,0022000484,"Feb 23, 2021",PHI @ TOR,W,35,5,11,0.455,0,0,0.0,5,6,0.833,4,5,9,7,0,1,3,3,15,2,1,2020-21,1627732,Ben Simmons
22020,1627732,0022000498,"Feb 25, 2021",PHI vs. DAL,W,32,6,11,0.545,0,0,0.0,3,5,0.6,1,2,3,7,2,1,0,0,15,15,1,2020-21,1627732,Ben Simmons
22020,1627732,0022000513,"Feb 27, 2021",PHI vs. CLE,L,41,11,17,0.647,1,1,1.0,1,4,0.25,1,6,7,8,1,0,7,4,24,-3,1,2020-21,1627732,Ben Simmons
22020,1627732,0022000530,"Mar 01, 2021",PHI vs. IND,W,28,7,11,0.636,0,0,0.0,4,4,1.0,2,4,6,2,2,0,4,2,18,25,1,2020-21,1627732,Ben Simmons
22020,1627732,0022000545,"Mar 03, 2021",PHI vs. UTA,W,42,8,11,0.727,0,0,0.0,1,2,0.5,2,2,4,6,1,0,5,3,17,10,1,2020-21,1627732,Ben Simmons
22020,1627732,0022000595,"Mar 14, 2021",PHI vs. SAS,W,26,6,9,0.667,0,0,0.0,2,5,0.4,1,3,4,9,1,0,3,0,14,21,1,2020-21,1627732,Ben Simmons
22020,1627732,0022000611,"Mar 16, 2021",PHI vs. NYK,W,34,8,14,0.571,0,0,0.0,0,1,0.0,3,10,13,7,0,0,3,3,16,2,1,2020-21,1627732,Ben Simmons
22020,1627732,0022000618,"Mar 17, 2021",PHI vs. MIL,L,45,6,16,0.375,1,1,1.0,0,0,0.0,4,6,10,12,2,2,7,5,13,-7,1,2020-21,1627732,Ben Simmons
22020,1627732,0022000650,"Mar 21, 2021",PHI @ NYK,W,37,8,17,0.471,0,0,0.0,0,2,0.0,2,6,8,4,1,1,7,3,16,-3,1,2020-21,1627732,Ben Simmons
22020,1627732,0022000665,"Mar 23, 2021",PHI @ GSW,W,35,7,15,0.467,0,0,0.0,8,14,0.571,1,7,8,4,1,0,2,4,22,23,1,2020-21,1627732,Ben Simmons
22020,1627732,0022000681,"Mar 25, 2021",PHI @ LAL,W,39,1,7,0.143,0,1,0.0,7,11,0.636,2,5,7,12,2,1,7,5,9,8,1,2020-21,1627732,Ben Simmons
22020,1627732,0022000701,"Mar 27, 2021",PHI @ LAC,L,26,6,10,0.6,0,0,0.0,3,5,0.6,1,6,7,2,1,0,6,6,15,-12,1,2020-21,1627732,Ben Simmons
22020,1627732,0022000719,"Mar 30, 2021",PHI @ DEN,L,26,4,7,0.571,0,0,0.0,3,4,0.75,0,2,2,3,2,0,3,3,11,-14,1,2020-21,1627732,Ben Simmons
22020,1627732,0022000731,"Apr 01, 2021",PHI @ CLE,W,24,2,11,0.182,0,0,0.0,1,3,0.333,4,9,13,5,1,0,2,2,5,3,1,2020-21,1627732,Ben Simmons
22020,1627732,0022000750,"Apr 03, 2021",PHI vs. MIN,W,33,5,9,0.556,0,0,0.0,4,6,0.667,1,7,8,6,2,0,1,2,14,4,1,2020-21,1627732,Ben Simmons
22020,1627732,0022000758,"Apr 04, 2021",PHI vs. MEM,L,26,2,6,0.333,0,0,0.0,3,6,0.5,1,6,7,4,1,1,1,3,7,-16,1,2020-21,1627732,Ben Simmons
22020,1627732,0022000771,"Apr 06, 2021",PHI @ BOS,W,36,4,7,0.571,0,0,0.0,4,8,0.5,0,4,4,6,3,0,2,2,12,11,1,2020-21,1627732,Ben Simmons
22020,1627732,0022000795,"Apr 09, 2021",PHI @ NOP,L,34,3,6,0.5,0,0,0.0,4,9,0.444,0,9,9,6,5,1,6,1,10,5,1,2020-21,1627732,Ben Simmons
22020,1627732,0022000199,"Apr 10, 2021",PHI @ OKC,W,28,5,9,0.556,0,0,0.0,3,5,0.6,1,2,3,3,0,0,0,0,13,22,1,2020-21,1627732,Ben Simmons
22020,1627732,0022000818,"Apr 12, 2021",PHI @ DAL,W,24,3,6,0.5,0,0,0.0,2,6,0.333,2,4,6,7,1,0,1,4,8,13,1,2020-21,1627732,Ben Simmons
22020,1627732,0022000830,"Apr 14, 2021",PHI vs. BKN,W,35,6,11,0.545,0,1,0.0,5,8,0.625,1,3,4,9,3,1,1,4,17,-1,1,2020-21,1627732,Ben Simmons
22020,1627732,0022000846,"Apr 16, 2021",PHI vs. LAC,W,36,5,9,0.556,0,0,0.0,2,5,0.4,2,7,9,6,2,2,3,4,12,9,1,2020-21,1627732,Ben Simmons
22020,1627732,0022000918,"Apr 26, 2021",PHI vs. OKC,W,23,6,8,0.75,0,0,0.0,0,0,0.0,0,3,3,4,3,2,2,0,12,20,1,2020-21,1627732,Ben Simmons
22020,1627732,0022000934,"Apr 28, 2021",PHI vs. ATL,W,16,4,5,0.8,0,0,0.0,0,2,0.0,1,3,4,6,2,0,1,4,8,13,1,2020-21,1627732,Ben Simmons
22020,1627732,0022000949,"Apr 30, 2021",PHI vs. ATL,W,27,8,10,0.8,0,0,0.0,2,2,1.0,4,2,6,5,1,1,0,2,18,9,1,2020-21,1627732,Ben Simmons
22020,1627732,0022000973,"May 02, 2021",PHI @ SAS,W,35,2,6,0.333,0,0,0.0,1,5,0.2,1,5,6,5,2,0,1,3,5,1,1,2020-21,1627732,Ben Simmons
22020,1627732,0022000979,"May 03, 2021",PHI @ CHI,W,33,6,7,0.857,0,0,0.0,3,5,0.6,0,6,6,5,3,0,2,2,15,29,1,2020-21,1627732,Ben Simmons
22020,1627732,0022000994,"May 05, 2021",PHI @ HOU,W,24,5,8,0.625,0,0,0.0,0,0,0.0,0,3,3,3,0,0,0,0,10,14,1,2020-21,1627732,Ben Simmons
22020,1627732,0022001003,"May 07, 2021",PHI vs. NOP,W,34,4,8,0.5,0,0,0.0,0,0,0.0,4,5,9,10,2,0,2,3,8,13,1,2020-21,1627732,Ben Simmons
22020,1627732,0022001035,"May 11, 2021",PHI @ IND,L,37,9,16,0.563,0,0,0.0,2,3,0.667,1,7,8,7,2,0,5,5,20,-18,1,2020-21,1627732,Ben Simmons
22020,1627732,0022001050,"May 13, 2021",PHI @ MIA,L,26,3,6,0.5,0,0,0.0,2,2,1.0,1,0,1,6,0,0,1,4,8,-14,1,2020-21,1627732,Ben Simmons
22020,1627732,0022001055,"May 14, 2021",PHI vs. ORL,W,26,5,8,0.625,0,0,0.0,3,3,1.0,1,3,4,9,1,1,0,1,13,25,1,2020-21,1627732,Ben Simmons
22022,1627732,0022200006,"Oct 19, 2022",BKN vs. NOP,L,23,2,3,0.667,0,0,0.0,0,2,0.0,0,5,5,5,0,0,3,6,4,-26,1,2022-23,1627732,Ben Simmons
22022,1627732,0022200021,"Oct 21, 2022",BKN vs. TOR,W,32,3,5,0.6,0,0,0.0,0,0,0.0,0,10,10,8,0,2,3,2,6,-3,1,2022-23,1627732,Ben Simmons
22022,1627732,0022200049,"Oct 24, 2022",BKN @ MEM,L,28,2,5,0.4,0,1,0.0,3,5,0.6,0,3,3,8,1,0,5,6,7,-17,1,2022-23,1627732,Ben Simmons
22022,1627732,0022200060,"Oct 26, 2022",BKN @ MIL,L,34,2,7,0.286,0,0,0.0,0,2,0.0,1,4,5,9,2,1,2,4,4,2,1,2022-23,1627732,Ben Simmons
22022,1627732,0022200066,"Oct 27, 2022",BKN vs. DAL,L,37,3,7,0.429,0,0,0.0,1,1,1.0,3,5,8,5,3,0,1,4,7,1,1,2022-23,1627732,Ben Simmons
22022,1627732,0022200083,"Oct 29, 2022",BKN vs. IND,L,36,3,7,0.429,0,0,0.0,3,5,0.6,2,6,8,9,1,1,2,4,9,-11,1,2022-23,1627732,Ben Simmons
22022,1627732,0022200155,"Nov 07, 2022",BKN @ DAL,L,16,1,3,0.333,0,0,0.0,0,0,0.0,1,2,3,2,1,0,2,3,2,-7,1,2022-23,1627732,Ben Simmons
22022,1627732,0022200164,"Nov 09, 2022",BKN vs. NYK,W,24,3,6,0.5,0,0,0.0,0,0,0.0,2,7,9,4,2,1,2,4,6,18,1,2022-23,1627732,Ben Simmons
22022,1627732,0022200184,"Nov 12, 2022",BKN @ LAC,W,14,1,2,0.5,0,0,0.0,0,0,0.0,1,4,5,3,0,0,0,4,2,-1,1,2022-23,1627732,Ben Simmons
22022,1627732,0022200210,"Nov 15, 2022",BKN @ SAC,L,20,5,7,0.714,0,0,0.0,1,2,0.5,0,5,5,3,1,0,2,0,11,-3,1,2022-23,1627732,Ben Simmons
22022,1627732,0022200221,"Nov 17, 2022",BKN @ POR,W,32,6,6,1.0,0,0,0.0,3,4,0.75,1,12,13,7,0,1,1,6,15,13,1,2022-23,1627732,Ben Simmons
22022,1627732,0022200243,"Nov 20, 2022",BKN vs. MEM,W,35,11,13,0.846,0,0,0.0,0,1,0.0,1,7,8,5,1,0,5,3,22,19,1,2022-23,1627732,Ben Simmons
22022,1627732,0022200256,"Nov 22, 2022",BKN @ PHI,L,32,4,7,0.571,0,0,0.0,3,6,0.5,2,5,7,11,3,3,3,3,11,-9,1,2022-23,1627732,Ben Simmons
22022,1627732,0022200266,"Nov 23, 2022",BKN @ TOR,W,33,7,9,0.778,0,0,0.0,0,0,0.0,0,2,2,6,3,2,1,5,14,15,1,2022-23,1627732,Ben Simmons
22022,1627732,0022200276,"Nov 25, 2022",BKN @ IND,L,34,8,8,1.0,0,0,0.0,4,5,0.8,1,5,6,3,0,1,3,6,20,-5,1,2022-23,1627732,Ben Simmons
22022,1627732,0022200290,"Nov 27, 2022",BKN vs. POR,W,34,1,3,0.333,0,0,0.0,0,0,0.0,1,11,12,8,3,0,2,2,2,-1,1,2022-23,1627732,Ben Simmons
22022,1627732,0022200302,"Nov 28, 2022",BKN vs. ORL,W,11,0,3,0.0,0,0,0.0,0,0,0.0,1,3,4,3,0,0,2,2,0,-3,1,2022-23,1627732,Ben Simmons
22022,1627732,0022200380,"Dec 09, 2022",BKN vs. ATL,W,21,3,4,0.75,0,0,0.0,0,0,0.0,1,5,6,7,4,0,4,3,6,-3,1,2022-23,1627732,Ben Simmons
22022,1627732,0022200403,"Dec 12, 2022",BKN @ WAS,W,23,5,9,0.556,0,0,0.0,0,0,0.0,0,8,8,5,0,0,2,2,10,7,1,2022-23,1627732,Ben Simmons
22022,1627732,0022200433,"Dec 16, 2022",BKN @ TOR,W,32,5,7,0.714,0,0,0.0,0,2,0.0,1,4,5,5,1,0,3,4,10,7,1,2022-23,1627732,Ben Simmons
22022,1627732,0022200447,"Dec 18, 2022",BKN @ DET,W,25,2,5,0.4,0,0,0.0,0,0,0.0,0,8,8,8,1,0,0,3,4,7,1,2022-23,1627732,Ben Simmons
22022,1627732,0022200470,"Dec 21, 2022",BKN vs. GSW,W,19,5,7,0.714,0,0,0.0,0,2,0.0,0,4,4,8,1,0,1,4,10,16,1,2022-23,1627732,Ben Simmons
22022,1627732,0022200483,"Dec 23, 2022",BKN vs. MIL,W,28,6,9,0.667,0,0,0.0,0,0,0.0,5,6,11,8,3,0,1,4,12,26,1,2022-23,1627732,Ben Simmons
22022,1627732,0022200498,"Dec 26, 2022",BKN @ CLE,W,34,2,5,0.4,0,0,0.0,0,2,0.0,3,6,9,8,3,1,3,3,4,21,1,2022-23,1627732,Ben Simmons
22022,1627732,0022200517,"Dec 28, 2022",BKN @ ATL,W,25,5,10,0.5,0,0,0.0,0,2,0.0,1,4,5,2,0,0,2,0,10,-4,1,2022-23,1627732,Ben Simmons
22022,1627732,0022200539,"Dec 31, 2022",BKN @ CHA,W,19,1,2,0.5,0,0,0.0,0,1,0.0,1,2,3,2,0,0,2,2,2,1,1,2022-23,1627732,Ben Simmons
22022,1627732,0022200555,"Jan 02, 2023",BKN vs. SAS,W,24,2,5,0.4,0,0,0.0,0,0,0.0,0,6,6,9,3,0,0,3,4,22,1,2022-23,1627732,Ben Simmons
22022,1627732,0022200570,"Jan 04, 2023",BKN @ CHI,L,26,3,5,0.6,0,0,0.0,1,4,0.25,0,9,9,2,3,0,4,4,7,-5,1,2022-23,1627732,Ben Simmons
22022,1627732,0022200586,"Jan 06, 2023",BKN @ NOP,W,34,3,6,0.5,0,0,0.0,0,0,0.0,1,5,6,9,3,1,1,4,6,-6,1,2022-23,1627732,Ben Simmons
22022,1627732,0022200599,"Jan 08, 2023",BKN @ MIA,W,29,2,4,0.5,0,0,0.0,0,0,0.0,1,6,7,7,0,2,2,5,4,8,1,2022-23,1627732,Ben Simmons
22022,1627732,0022200627,"Jan 12, 2023",BKN vs. BOS,L,26,0,3,0.0,0,0,0.0,0,0,0.0,0,9,9,13,2,1,2,5,0,10,1,2022-23,1627732,Ben Simmons
22022,1627732,0022200666,"Jan 17, 2023",BKN @ SAS,L,34,4,10,0.4,0,0,0.0,2,2,1.0,1,9,10,11,4,2,7,4,10,3,1,2022-23,1627732,Ben Simmons
22022,1627732,0022200681,"Jan 19, 2023",BKN @ PHX,L,18,3,4,0.75,0,0,0.0,1,3,0.333,1,3,4,6,0,0,4,5,7,-9,1,2022-23,1627732,Ben Simmons
22022,1627732,0022200689,"Jan 20, 2023",BKN @ UTA,W,37,3,7,0.429,0,0,0.0,0,0,0.0,2,7,9,5,2,0,4,1,6,0,1,2022-23,1627732,Ben Simmons
22022,1627732,0022200704,"Jan 22, 2023",BKN @ GSW,W,29,3,6,0.5,0,0,0.0,1,2,0.5,0,3,3,11,1,1,2,3,7,-2,1,2022-23,1627732,Ben Simmons
22022,1627732,0022200721,"Jan 25, 2023",BKN @ PHI,L,29,5,7,0.714,0,0,0.0,2,3,0.667,0,5,5,5,0,1,2,4,12,-16,1,2022-23,1627732,Ben Simmons
22022,1627732,0022200731,"Jan 26, 2023",BKN vs. DET,L,20,0,3,0.0,0,0,0.0,0,0,0.0,1,0,1,7,1,0,3,0,0,-12,1,2022-23,1627732,Ben Simmons
22022,1627732,0022200817,"Feb 07, 2023",BKN vs. PHX,L,27,1,2,0.5,0,0,0.0,0,1,0.0,0,4,4,6,1,1,4,2,2,-1,1,2022-23,1627732,Ben Simmons
22022,1627732,0022200833,"Feb 09, 2023",BKN vs. CHI,W,20,4,7,0.571,0,1,0.0,0,0,0.0,2,6,8,4,0,0,1,3,8,-12,1,2022-23,1627732,Ben Simmons
22022,1627732,0022200846,"Feb 11, 2023",BKN vs. PHI,L,16,2,3,0.667,0,0,0.0,0,0,0.0,1,2,3,3,0,1,1,1,4,-1,1,2022-23,1627732,Ben Simmons
22022,1627732,0022200862,"Feb 13, 2023",BKN @ NYK,L,13,1,2,0.5,0,0,0.0,0,0,0.0,1,2,3,2,0,1,2,1,2,-4,1,2022-23,1627732,Ben Simmons
22022,1627732,0022200878,"Feb 15, 2023",BKN vs. MIA,W,20,1,2,0.5,0,0,0.0,0,0,0.0,0,4,4,4,0,0,1,5,2,4,1,2022-23,1627732,Ben Simmons
22023,1627732,0022300067,"Oct 25, 2023",BKN vs. CLE,L,23,2,6,0.333,0,0,0.0,0,0,0.0,1,9,10,9,0,1,2,2,4,-6,1,2023-24,1627732,Ben Simmons
22023,1627732,0022300084,"Oct 27, 2023",BKN @ DAL,L,32,5,8,0.625,0,0,0.0,0,0,0.0,4,6,10,8,2,2,2,3,10,0,1,2023-24,1627732,Ben Simmons
22023,1627732,0022300101,"Oct 30, 2023",BKN @ CHA,W,35,5,6,0.833,0,0,0.0,1,2,0.5,3,7,10,8,0,1,2,1,11,3,1,2023-24,1627732,Ben Simmons
22023,1627732,0022300119,"Nov 01, 2023",BKN @ MIA,W,34,2,5,0.4,0,0,0.0,0,2,0.0,2,9,11,5,0,1,4,4,4,-9,1,2023-24,1627732,Ben Simmons
22023,1627732,0022300004,"Nov 03, 2023",BKN @ CHI,W,33,4,8,0.5,0,0,0.0,0,0,0.0,3,6,9,6,1,0,4,3,8,-9,1,2023-24,1627732,Ben Simmons
22023,1627732,0022300149,"Nov 06, 2023",BKN vs. MIL,L,33,1,3,0.333,0,0,0.0,0,0,0.0,3,12,15,4,0,0,1,3,2,-12,1,2023-24,1627732,Ben Simmons
22023,1627732,0022300660,"Jan 29, 2024",BKN vs. UTA,W,18,5,5,1.0,0,0,0.0,0,0,0.0,5,3,8,11,1,1,0,3,10,27,1,2023-24,1627732,Ben Simmons
22023,1627732,0022300698,"Feb 03, 2024",BKN @ PHI,W,14,0,0,0.0,0,0,0.0,0,0,0.0,1,8,9,5,0,0,1,4,0,8,1,2023-24,1627732,Ben Simmons
22023,1627732,0022300720,"Feb 06, 2024",BKN vs. DAL,L,20,4,7,0.571,0,0,0.0,1,2,0.5,4,5,9,7,1,0,2,2,9,1,1,2023-24,1627732,Ben Simmons
22023,1627732,0022300735,"Feb 08, 2024",BKN vs. CLE,L,20,3,4,0.75,0,0,0.0,0,0,0.0,0,1,1,2,1,0,2,1,6,-26,1,2023-24,1627732,Ben Simmons
22023,1627732,0022300750,"Feb 10, 2024",BKN vs. SAS,W,22,6,7,0.857,0,0,0.0,1,2,0.5,0,3,3,5,3,2,4,2,13,10,1,2023-24,1627732,Ben Simmons
22023,1627732,0022300771,"Feb 13, 2024",BKN vs. BOS,L,24,1,5,0.2,0,0,0.0,3,6,0.5,1,5,6,8,0,0,1,4,5,-3,1,2023-24,1627732,Ben Simmons
22023,1627732,0022300795,"Feb 22, 2024",BKN @ TOR,L,21,1,2,0.5,0,0,0.0,0,1,0.0,0,4,4,4,0,0,1,1,2,-23,1,2023-24,1627732,Ben Simmons
22023,1627732,0022300815,"Feb 24, 2024",BKN @ MIN,L,15,2,6,0.333,0,0,0.0,0,0,0.0,2,6,8,1,3,1,1,0,4,-2,1,2023-24,1627732,Ben Simmons
22023,1627732,0022300830,"Feb 26, 2024",BKN @ MEM,W,14,2,2,1.0,0,0,0.0,0,0,0.0,2,4,6,3,0,0,0,3,4,4,1,2023-24,1627732,Ben Simmons
22024,1627732,0022400064,"Oct 23, 2024",BKN @ ATL,L,24,3,4,0.75,0,0,0.0,0,0,0.0,2,3,5,8,0,1,6,5,6,-8,1,2024-25,1627732,Ben Simmons
22024,1627732,0022400077,"Oct 25, 2024",BKN @ ORL,L,24,2,5,0.4,0,0,0.0,3,4,0.75,0,6,6,3,1,1,4,5,7,-17,1,2024-25,1627732,Ben Simmons
22024,1627732,0022400098,"Oct 27, 2024",BKN vs. MIL,W,24,1,3,0.333,0,0,0.0,0,0,0.0,2,4,6,6,1,0,2,4,2,-9,1,2024-25,1627732,Ben Simmons
22024,1627732,0022400124,"Oct 30, 2024",BKN @ MEM,W,25,4,5,0.8,0,0,0.0,0,0,0.0,2,3,5,3,1,0,2,5,8,6,1,2024-25,1627732,Ben Simmons
22024,1627732,0022400136,"Nov 01, 2024",BKN vs. CHI,W,26,4,5,0.8,0,0,0.0,0,0,0.0,0,8,8,11,0,2,3,3,8,5,1,2024-25,1627732,Ben Simmons
22024,1627732,0022400151,"Nov 03, 2024",BKN vs. DET,L,24,2,4,0.5,0,0,0.0,0,0,0.0,0,6,6,6,1,0,3,2,4,-3,1,2024-25,1627732,Ben Simmons
22024,1627732,0022400187,"Nov 08, 2024",BKN @ BOS,L,27,4,6,0.667,0,0,0.0,0,0,0.0,1,5,6,8,1,0,3,1,8,-8,1,2024-25,1627732,Ben Simmons
22024,1627732,0022400214,"Nov 11, 2024",BKN @ NOP,W,22,3,5,0.6,0,0,0.0,0,0,0.0,1,4,5,12,2,0,3,3,6,8,1,2024-25,1627732,Ben Simmons
22024,1627732,0022400014,"Nov 15, 2024",BKN @ NYK,L,25,2,5,0.4,0,0,0.0,0,0,0.0,1,6,7,5,1,0,0,1,4,0,1,2024-25,1627732,Ben Simmons
22024,1627732,0022400240,"Nov 17, 2024",BKN @ NYK,L,22,0,3,0.0,0,0,0.0,0,0,0.0,0,4,4,8,0,1,3,3,0,-3,1,2024-25,1627732,Ben Simmons
22024,1627732,0022400022,"Nov 19, 2024",BKN vs. CHA,W,26,5,8,0.625,0,0,0.0,0,0,0.0,4,5,9,5,2,1,3,2,10,14,1,2024-25,1627732,Ben Simmons
22024,1627732,0022400027,"Nov 22, 2024",BKN @ PHI,L,26,1,4,0.25,0,0,0.0,0,0,0.0,1,3,4,4,0,1,2,0,2,-20,1,2024-25,1627732,Ben Simmons
22024,1627732,0022400276,"Nov 24, 2024",BKN @ SAC,W,27,2,3,0.667,0,0,0.0,0,0,0.0,1,2,3,5,1,1,2,2,4,4,1,2024-25,1627732,Ben Simmons
22024,1627732,0022400297,"Nov 27, 2024",BKN @ PHX,W,27,7,8,0.875,0,0,0.0,0,0,0.0,1,8,9,8,1,0,2,4,14,5,1,2024-25,1627732,Ben Simmons
22024,1627732,0022400043,"Nov 29, 2024",BKN vs. ORL,L,26,2,2,1.0,0,0,0.0,0,2,0.0,0,7,7,8,0,0,3,2,4,-9,1,2024-25,1627732,Ben Simmons
22024,1627732,0022400305,"Dec 01, 2024",BKN vs. ORL,L,12,0,1,0.0,0,0,0.0,0,0,0.0,1,1,2,5,1,0,1,3,0,1,1,2024-25,1627732,Ben Simmons
22024,1627732,0022400320,"Dec 04, 2024",BKN vs. IND,W,21,3,3,1.0,0,0,0.0,1,2,0.5,1,6,7,9,2,3,0,1,7,20,1,2024-25,1627732,Ben Simmons
22024,1627732,0022400348,"Dec 08, 2024",BKN vs. MIL,L,18,0,0,0.0,0,0,0.0,0,0,0.0,0,3,3,1,0,0,2,2,0,-5,1,2024-25,1627732,Ben Simmons
22024,1627732,0022401211,"Dec 13, 2024",BKN @ MEM,L,21,1,3,0.333,0,0,0.0,0,0,0.0,0,4,4,8,0,1,2,2,2,-3,1,2024-25,1627732,Ben Simmons
22024,1627732,0022401224,"Dec 16, 2024",BKN vs. CLE,L,31,4,7,0.571,0,0,0.0,2,2,1.0,0,4,4,8,2,0,6,0,10,-16,1,2024-25,1627732,Ben Simmons
22024,1627732,0022400364,"Dec 19, 2024",BKN @ TOR,W,32,5,9,0.556,0,0,0.0,2,3,0.667,1,4,5,7,0,0,5,2,12,15,1,2024-25,1627732,Ben Simmons
22024,1627732,0022400379,"Dec 21, 2024",BKN vs. UTA,L,29,5,11,0.455,0,0,0.0,5,6,0.833,2,4,6,10,2,0,6,1,15,-13,1,2024-25,1627732,Ben Simmons
22024,1627732,0022400396,"Dec 23, 2024",BKN @ MIA,L,30,1,2,0.5,0,0,0.0,2,2,1.0,0,2,2,9,1,0,1,1,4,-5,1,2024-25,1627732,Ben Simmons
22024,1627732,0022400415,"Dec 26, 2024",BKN @ MIL,W,29,4,9,0.444,0,0,0.0,0,0,0.0,1,3,4,9,1,0,6,1,8,16,1,2024-25,1627732,Ben Simmons
22024,1627732,0022400436,"Dec 29, 2024",BKN @ ORL,L,31,3,6,0.5,0,0,0.0,0,0,0.0,1,6,7,7,0,0,2,2,6,-22,1,2024-25,1627732,Ben Simmons
22024,1627732,0022400459,"Jan 01, 2025",BKN @ TOR,L,25,1,6,0.167,0,0,0.0,0,0,0.0,0,2,2,6,1,0,1,3,2,-18,1,2024-25,1627732,Ben Simmons
22024,1627732,0022400531,"Jan 10, 2025",BKN @ DEN,L,22,5,7,0.714,0,0,0.0,0,0,0.0,0,4,4,7,1,0,4,4,10,-17,1,2024-25,1627732,Ben Simmons
22024,1627732,0022400546,"Jan 12, 2025",BKN @ UTA,L,32,7,11,0.636,0,0,0.0,0,0,0.0,2,4,6,9,0,2,2,1,14,10,1,2024-25,1627732,Ben Simmons
22024,1627732,0022400560,"Jan 14, 2025",BKN @ POR,W,26,2,6,0.333,0,0,0.0,1,2,0.5,2,7,9,11,0,0,2,5,5,6,1,2024-25,1627732,Ben Simmons
22024,1627732,0022400585,"Jan 17, 2025",BKN @ LAL,L,27,3,4,0.75,0,0,0.0,0,0,0.0,0,5,5,7,1,1,3,4,6,-5,1,2024-25,1627732,Ben Simmons
22024,1627732,0022400663,"Jan 29, 2025",BKN @ CHA,W,23,4,6,0.667,0,0,0.0,2,3,0.667,0,2,2,6,1,0,3,4,10,3,1,2024-25,1627732,Ben Simmons
22024,1627732,0022400689,"Feb 01, 2025",BKN @ HOU,W,24,1,4,0.25,0,0,0.0,0,0,0.0,2,3,5,4,0,1,1,2,2,5,1,2024-25,1627732,Ben Simmons
22024,1627732,0022400720,"Feb 05, 2025",BKN vs. WAS,L,18,2,5,0.4,0,0,0.0,0,0,0.0,1,4,5,6,1,0,0,1,4,-6,1,2024-25,1627732,Ben Simmons
22024,1627732,0022401004,"Feb 13, 2025",LAC @ UTA,W,27,4,5,0.8,0,0,0.0,4,4,1.0,0,7,7,6,3,1,0,1,12,-1,1,2024-25,1627732,Ben Simmons
22024,1627732,0022400793,"Feb 20, 2025",LAC @ MIL,L,20,3,3,1.0,0,0,0.0,0,0,0.0,1,4,5,4,1,1,0,3,6,-9,1,2024-25,1627732,Ben Simmons
22024,1627732,0022400813,"Feb 23, 2025",LAC @ IND,L,24,3,7,0.429,0,0,0.0,2,3,0.667,0,3,3,4,2,0,1,2,8,-6,1,2024-25,1627732,Ben Simmons
22024,1627732,0022400842,"Feb 26, 2025",LAC @ CHI,W,18,3,8,0.375,0,0,0.0,0,0,0.0,4,4,8,8,1,1,1,2,6,15,1,2024-25,1627732,Ben Simmons
22024,1627732,0022400859,"Feb 28, 2025",LAC @ LAL,L,16,1,1,1.0,0,0,0.0,0,0,0.0,1,2,3,3,0,0,0,3,2,-19,1,2024-25,1627732,Ben Simmons
22024,1627732,0022400960,"Mar 14, 2025",LAC @ ATL,W,17,1,4,0.25,0,0,0.0,0,0,0.0,0,2,2,4,2,0,0,0,2,10,1,2024-25,1627732,Ben Simmons
22024,1627732,0022400538,"Mar 16, 2025",LAC vs. CHA,W,15,0,3,0.0,0,0,0.0,0,0,0.0,2,0,2,3,0,1,0,1,0,7,1,2024-25,1627732,Ben Simmons
22024,1627732,0022400997,"Mar 18, 2025",LAC vs. CLE,W,13,0,1,0.0,0,0,0.0,0,0,0.0,1,1,2,2,1,0,1,1,0,17,1,2024-25,1627732,Ben Simmons
22024,1627732,0022401023,"Mar 21, 2025",LAC vs. MEM,W,13,0,1,0.0,0,0,0.0,0,0,0.0,0,2,2,2,0,2,1,1,0,-10,1,2024-25,1627732,Ben Simmons
22024,1627732,0022401036,"Mar 23, 2025",LAC vs. OKC,L,15,4,5,0.8,0,0,0.0,0,0,0.0,2,5,7,0,0,0,3,2,8,-1,1,2024-25,1627732,Ben Simmons
22024,1627732,0022401056,"Mar 26, 2025",LAC @ NYK,W,16,1,4,0.25,0,0,0.0,0,0,0.0,2,6,8,2,0,0,0,2,2,19,1,2024-25,1627732,Ben Simmons
22024,1627732,0022401068,"Mar 28, 2025",LAC @ BKN,W,17,0,3,0.0,0,0,0.0,0,0,0.0,0,3,3,3,1,0,1,0,0,1,1,2024-25,1627732,Ben Simmons
22024,1627732,0022401081,"Mar 30, 2025",LAC @ CLE,L,20,2,3,0.667,0,0,0.0,0,0,0.0,0,6,6,5,1,0,1,0,4,1,1,2024-25,1627732,Ben Simmons
22024,1627732,0022401111,"Apr 02, 2025",LAC vs. NOP,W,12,0,1,0.0,0,0,0.0,0,0,0.0,0,1,1,2,0,0,2,0,0,0,1,2024-25,1627732,Ben Simmons
22024,1627732,0022401132,"Apr 05, 2025",LAC vs. DAL,W,12,1,1,1.0,0,0,0.0,0,0,0.0,0,0,0,3,0,0,1,0,2,8,1,2024-25,1627732,Ben Simmons
22024,1627732,0022401155,"Apr 08, 2025",LAC vs. SAS,W,15,0,3,0.0,0,0,0.0,0,0,0.0,2,5,7,2,0,0,1,3,0,-1,1,2024-25,1627732,Ben Simmons
22024,1627732,0022401184,"Apr 11, 2025",LAC @ SAC,W,12,0,0,0.0,0,0,0.0,0,0,0.0,0,1,1,2,0,1,0,3,0,-7,1,2024-25,1627732,Ben Simmons
22024,1627732,0022401198,"Apr 13, 2025",LAC @ GSW,W,11,0,0,0.0,0,0,0.0,0,0,0.0,2,0,2,1,0,0,1,2,0,-11,1,2024-25,1627732,Ben Simmons
