SEASON_ID,Player_ID,Game_ID,GAME_DATE,MATCHUP,WL,MIN,FGM,FGA,FG_PCT,FG3M,FG3A,FG3_PCT,FTM,FTA,FT_PCT,OREB,DREB,REB,AST,STL,BLK,TOV,PF,PTS,PLUS_MINUS,VIDEO_AVAILABLE,SEASON,SEASON_TYPE,PLAYER_ID,PLAYER_NAME
22017,1628384,0021700014,"Oct 19, 2017",TOR vs. CHI,W,17,3,6,0.5,1,3,0.333,2,2,1.0,2,1,3,2,0,0,0,1,9,26,1,2017-18,Regular Season,1628384,OG Anunoby
22017,1628384,0021700027,"Oct 21, 2017",TOR vs. PHI,W,15,1,3,0.333,1,2,0.5,0,0,0.0,0,3,3,2,1,0,0,3,3,4,1,2017-18,Regular Season,1628384,OG Anunoby
22017,1628384,0021700046,"Oct 23, 2017",TOR @ SAS,L,15,2,5,0.4,0,2,0.0,0,0,0.0,0,1,1,1,0,0,0,4,4,3,1,2017-18,Regular Season,1628384,OG Anunoby
22017,1628384,0021700063,"Oct 25, 2017",TOR @ GSW,L,18,3,6,0.5,2,4,0.5,0,0,0.0,4,0,4,2,0,0,1,0,8,8,1,2017-18,Regular Season,1628384,OG Anunoby
22017,1628384,0021700076,"Oct 27, 2017",TOR @ LAL,W,19,2,8,0.25,1,3,0.333,2,3,0.667,0,1,1,1,1,0,0,1,7,-3,1,2017-18,Regular Season,1628384,OG Anunoby
22017,1628384,0021700099,"Oct 30, 2017",TOR @ POR,W,22,2,8,0.25,0,5,0.0,0,0,0.0,2,1,3,0,2,0,0,1,4,5,2,2017-18,Regular Season,1628384,OG Anunoby
22017,1628384,0021700114,"Nov 01, 2017",TOR @ DEN,L,17,2,5,0.4,2,3,0.667,0,0,0.0,0,1,1,2,2,0,0,2,6,4,2,2017-18,Regular Season,1628384,OG Anunoby
22017,1628384,0021700128,"Nov 03, 2017",TOR @ UTA,W,18,2,3,0.667,1,2,0.5,1,2,0.5,0,3,3,2,0,0,0,1,6,5,1,2017-18,Regular Season,1628384,OG Anunoby
22017,1628384,0021700139,"Nov 05, 2017",TOR vs. WAS,L,14,0,2,0.0,0,0,0.0,0,2,0.0,0,2,2,1,1,1,0,3,0,4,1,2017-18,Regular Season,1628384,OG Anunoby
22017,1628384,0021700153,"Nov 07, 2017",TOR vs. CHI,W,12,2,4,0.5,2,3,0.667,1,2,0.5,1,2,3,2,2,0,2,0,7,-4,1,2017-18,Regular Season,1628384,OG Anunoby
22017,1628384,0021700165,"Nov 09, 2017",TOR vs. NOP,W,14,3,4,0.75,1,2,0.5,1,2,0.5,0,2,2,0,1,0,1,1,8,8,1,2017-18,Regular Season,1628384,OG Anunoby
22017,1628384,0021700188,"Nov 12, 2017",TOR @ BOS,L,22,2,3,0.667,0,1,0.0,3,4,0.75,1,3,4,0,1,0,1,4,7,-10,1,2017-18,Regular Season,1628384,OG Anunoby
22017,1628384,0021700202,"Nov 14, 2017",TOR @ HOU,W,30,6,8,0.75,3,4,0.75,1,2,0.5,0,2,2,1,1,0,0,4,16,22,1,2017-18,Regular Season,1628384,OG Anunoby
22017,1628384,0021700211,"Nov 15, 2017",TOR @ NOP,W,14,2,3,0.667,1,2,0.5,0,0,0.0,0,0,0,0,1,0,1,3,5,-9,1,2017-18,Regular Season,1628384,OG Anunoby
22017,1628384,0021700221,"Nov 17, 2017",TOR vs. NYK,W,30,5,10,0.5,1,6,0.167,0,0,0.0,0,1,1,0,0,0,0,1,11,25,2,2017-18,Regular Season,1628384,OG Anunoby
22017,1628384,0021700237,"Nov 19, 2017",TOR vs. WAS,W,20,2,5,0.4,1,4,0.25,0,0,0.0,1,1,2,0,1,0,0,2,5,-7,1,2017-18,Regular Season,1628384,OG Anunoby
22017,1628384,0021700258,"Nov 22, 2017",TOR @ NYK,L,16,1,2,0.5,1,2,0.5,0,0,0.0,0,1,1,1,0,0,0,1,3,-4,2,2017-18,Regular Season,1628384,OG Anunoby
22017,1628384,0021700271,"Nov 24, 2017",TOR @ IND,L,27,3,5,0.6,0,2,0.0,2,2,1.0,0,1,1,0,0,0,0,2,8,-20,1,2017-18,Regular Season,1628384,OG Anunoby
22017,1628384,0021700280,"Nov 25, 2017",TOR @ ATL,W,17,4,4,1.0,3,3,1.0,0,0,0.0,0,1,1,2,2,0,0,3,11,17,1,2017-18,Regular Season,1628384,OG Anunoby
22017,1628384,0021700307,"Nov 29, 2017",TOR vs. CHA,W,19,0,1,0.0,0,0,0.0,0,0,0.0,1,2,3,0,1,0,1,0,0,3,1,2017-18,Regular Season,1628384,OG Anunoby
22017,1628384,0021700319,"Dec 01, 2017",TOR vs. IND,W,20,2,5,0.4,0,2,0.0,1,1,1.0,0,1,1,1,1,0,1,2,5,3,1,2017-18,Regular Season,1628384,OG Anunoby
22017,1628384,0021700350,"Dec 05, 2017",TOR vs. PHX,W,24,6,9,0.667,4,5,0.8,0,0,0.0,1,1,2,0,1,0,2,4,16,13,1,2017-18,Regular Season,1628384,OG Anunoby
22017,1628384,0021700371,"Dec 08, 2017",TOR @ MEM,W,34,3,5,0.6,2,3,0.667,0,0,0.0,0,0,0,0,2,0,2,3,8,13,1,2017-18,Regular Season,1628384,OG Anunoby
22017,1628384,0021700385,"Dec 10, 2017",TOR @ SAC,W,27,2,5,0.4,1,2,0.5,0,0,0.0,2,1,3,0,0,0,1,2,5,24,1,2017-18,Regular Season,1628384,OG Anunoby
22017,1628384,0021700396,"Dec 11, 2017",TOR @ LAC,L,26,1,4,0.25,1,2,0.5,0,0,0.0,1,1,2,0,1,0,1,3,3,8,1,2017-18,Regular Season,1628384,OG Anunoby
22017,1628384,0021700411,"Dec 13, 2017",TOR @ PHX,W,19,3,6,0.5,1,2,0.5,2,2,1.0,0,2,2,0,0,0,0,3,9,12,1,2017-18,Regular Season,1628384,OG Anunoby
22017,1628384,0021700424,"Dec 15, 2017",TOR vs. BKN,W,22,1,4,0.25,1,4,0.25,0,0,0.0,2,1,3,3,1,0,1,1,3,33,2,2017-18,Regular Season,1628384,OG Anunoby
22017,1628384,0021700437,"Dec 17, 2017",TOR vs. SAC,W,29,4,8,0.5,3,6,0.5,0,0,0.0,1,2,3,0,2,0,0,2,11,13,1,2017-18,Regular Season,1628384,OG Anunoby
22017,1628384,0021700454,"Dec 20, 2017",TOR @ CHA,W,31,7,9,0.778,6,7,0.857,0,1,0.0,0,4,4,2,1,0,1,1,20,28,1,2017-18,Regular Season,1628384,OG Anunoby
22017,1628384,0021700467,"Dec 21, 2017",TOR @ PHI,W,21,2,6,0.333,1,4,0.25,1,2,0.5,0,0,0,0,2,0,3,0,6,2,1,2017-18,Regular Season,1628384,OG Anunoby
22017,1628384,0021700480,"Dec 23, 2017",TOR vs. PHI,W,21,0,3,0.0,0,3,0.0,0,0,0.0,1,5,6,2,1,0,2,0,0,1,1,2017-18,Regular Season,1628384,OG Anunoby
22017,1628384,0021700499,"Dec 26, 2017",TOR @ DAL,L,20,0,2,0.0,0,2,0.0,0,0,0.0,1,2,3,0,1,1,1,2,0,7,1,2017-18,Regular Season,1628384,OG Anunoby
22017,1628384,0021700512,"Dec 27, 2017",TOR @ OKC,L,20,2,6,0.333,2,6,0.333,0,0,0.0,0,0,0,0,0,0,1,2,6,-19,1,2017-18,Regular Season,1628384,OG Anunoby
22017,1628384,0021700522,"Dec 29, 2017",TOR vs. ATL,W,23,4,8,0.5,1,5,0.2,0,0,0.0,0,4,4,2,2,0,1,3,9,-1,1,2017-18,Regular Season,1628384,OG Anunoby
22017,1628384,0021700546,"Jan 01, 2018",TOR vs. MIL,W,35,0,0,0.0,0,0,0.0,1,2,0.5,0,6,6,2,0,0,1,1,1,16,1,2017-18,Regular Season,1628384,OG Anunoby
22017,1628384,0021700560,"Jan 03, 2018",TOR @ CHI,W,16,1,5,0.2,0,4,0.0,1,1,1.0,0,3,3,0,0,0,0,0,3,-14,1,2017-18,Regular Season,1628384,OG Anunoby
22017,1628384,0021700571,"Jan 05, 2018",TOR @ MIL,W,31,2,6,0.333,1,5,0.2,0,0,0.0,0,0,0,1,2,0,2,1,5,16,1,2017-18,Regular Season,1628384,OG Anunoby
22017,1628384,0021700592,"Jan 08, 2018",TOR @ BKN,W,16,1,3,0.333,0,2,0.0,1,1,1.0,0,0,0,0,0,0,0,4,3,4,1,2017-18,Regular Season,1628384,OG Anunoby
22017,1628384,0021700599,"Jan 09, 2018",TOR vs. MIA,L,26,1,3,0.333,0,0,0.0,0,0,0.0,0,5,5,0,1,0,0,1,2,0,1,2017-18,Regular Season,1628384,OG Anunoby
22017,1628384,0021700615,"Jan 11, 2018",TOR vs. CLE,W,27,2,8,0.25,1,6,0.167,2,2,1.0,0,3,3,0,0,1,0,3,7,13,1,2017-18,Regular Season,1628384,OG Anunoby
22017,1628384,0021700631,"Jan 13, 2018",TOR vs. GSW,L,26,5,7,0.714,1,3,0.333,6,6,1.0,1,2,3,2,0,0,0,3,17,3,1,2017-18,Regular Season,1628384,OG Anunoby
22017,1628384,0021700639,"Jan 15, 2018",TOR @ PHI,L,19,0,2,0.0,0,1,0.0,0,0,0.0,1,3,4,1,1,0,0,1,0,-14,1,2017-18,Regular Season,1628384,OG Anunoby
22017,1628384,0021700656,"Jan 17, 2018",TOR vs. DET,W,19,1,2,0.5,0,0,0.0,0,0,0.0,1,2,3,1,0,1,1,1,2,-1,1,2017-18,Regular Season,1628384,OG Anunoby
22017,1628384,0021700667,"Jan 19, 2018",TOR vs. SAS,W,19,0,7,0.0,0,3,0.0,0,0,0.0,3,2,5,0,2,0,1,1,0,-3,1,2017-18,Regular Season,1628384,OG Anunoby
22017,1628384,0021700680,"Jan 20, 2018",TOR @ MIN,L,18,3,6,0.5,1,3,0.333,0,0,0.0,0,2,2,1,1,1,1,0,7,-4,2,2017-18,Regular Season,1628384,OG Anunoby
22017,1628384,0021700705,"Jan 24, 2018",TOR @ ATL,W,24,4,5,0.8,2,3,0.667,0,0,0.0,1,4,5,1,0,1,0,1,10,8,1,2017-18,Regular Season,1628384,OG Anunoby
22017,1628384,0021700716,"Jan 26, 2018",TOR vs. UTA,L,17,2,3,0.667,0,1,0.0,1,2,0.5,1,1,2,0,3,1,1,0,5,-1,1,2017-18,Regular Season,1628384,OG Anunoby
22017,1628384,0021700735,"Jan 28, 2018",TOR vs. LAL,W,22,2,5,0.4,0,3,0.0,1,2,0.5,1,1,2,1,1,1,0,3,5,8,1,2017-18,Regular Season,1628384,OG Anunoby
22017,1628384,0021700746,"Jan 30, 2018",TOR vs. MIN,W,16,1,2,0.5,1,2,0.5,0,0,0.0,1,2,3,1,0,0,0,4,3,4,1,2017-18,Regular Season,1628384,OG Anunoby
22017,1628384,0021700762,"Feb 01, 2018",TOR @ WAS,L,21,4,8,0.5,3,5,0.6,0,0,0.0,1,2,3,0,0,0,0,1,11,1,1,2017-18,Regular Season,1628384,OG Anunoby
22017,1628384,0021700769,"Feb 02, 2018",TOR vs. POR,W,27,0,4,0.0,0,3,0.0,2,2,1.0,1,1,2,2,1,0,0,2,2,15,1,2017-18,Regular Season,1628384,OG Anunoby
22017,1628384,0021700787,"Feb 04, 2018",TOR vs. MEM,W,19,3,9,0.333,0,4,0.0,0,0,0.0,0,2,2,0,1,0,0,3,6,-14,1,2017-18,Regular Season,1628384,OG Anunoby
22017,1628384,0021700798,"Feb 06, 2018",TOR vs. BOS,W,15,2,3,0.667,0,1,0.0,0,0,0.0,1,3,4,1,1,0,1,0,4,6,1,2017-18,Regular Season,1628384,OG Anunoby
22017,1628384,0021700812,"Feb 08, 2018",TOR vs. NYK,W,21,2,5,0.4,1,4,0.25,1,1,1.0,1,2,3,1,0,0,0,3,6,7,1,2017-18,Regular Season,1628384,OG Anunoby
22017,1628384,0021700833,"Feb 11, 2018",TOR @ CHA,W,11,0,0,0.0,0,0,0.0,0,0,0.0,0,1,1,1,0,0,0,2,0,0,1,2017-18,Regular Season,1628384,OG Anunoby
22017,1628384,0021700847,"Feb 13, 2018",TOR vs. MIA,W,13,2,3,0.667,2,2,1.0,0,0,0.0,0,2,2,0,0,0,2,1,6,-4,1,2017-18,Regular Season,1628384,OG Anunoby
22017,1628384,0021700859,"Feb 14, 2018",TOR @ CHI,W,18,2,8,0.25,0,4,0.0,1,3,0.333,1,5,6,0,0,0,0,1,5,7,1,2017-18,Regular Season,1628384,OG Anunoby
22017,1628384,0021700876,"Feb 23, 2018",TOR vs. MIL,L,13,0,1,0.0,0,0,0.0,0,0,0.0,0,0,0,0,1,1,0,0,0,-4,1,2017-18,Regular Season,1628384,OG Anunoby
22017,1628384,0021700901,"Feb 26, 2018",TOR vs. DET,W,18,3,4,0.75,1,1,1.0,1,1,1.0,0,1,1,2,0,0,1,0,8,10,1,2017-18,Regular Season,1628384,OG Anunoby
22017,1628384,0021700914,"Feb 28, 2018",TOR @ ORL,W,10,3,3,1.0,1,1,1.0,0,1,0.0,0,2,2,1,0,0,1,0,7,10,2,2017-18,Regular Season,1628384,OG Anunoby
22017,1628384,0021701031,"Mar 16, 2018",TOR vs. DAL,W,19,2,3,0.667,0,1,0.0,0,0,0.0,0,2,2,0,0,1,2,3,4,1,1,2017-18,Regular Season,1628384,OG Anunoby
22017,1628384,0021701046,"Mar 18, 2018",TOR vs. OKC,L,13,2,2,1.0,1,1,1.0,0,2,0.0,0,1,1,0,0,0,1,2,5,0,1,2017-18,Regular Season,1628384,OG Anunoby
22017,1628384,0021701058,"Mar 20, 2018",TOR @ ORL,W,14,0,2,0.0,0,1,0.0,0,0,0.0,0,2,2,0,1,0,1,0,0,-11,1,2017-18,Regular Season,1628384,OG Anunoby
22017,1628384,0021701065,"Mar 21, 2018",TOR @ CLE,L,15,2,4,0.5,1,1,1.0,0,0,0.0,0,0,0,1,0,0,1,3,5,-5,1,2017-18,Regular Season,1628384,OG Anunoby
22017,1628384,0021701082,"Mar 23, 2018",TOR vs. BKN,W,13,1,1,1.0,0,0,0.0,0,0,0.0,0,0,0,2,2,1,0,2,2,-4,1,2017-18,Regular Season,1628384,OG Anunoby
22017,1628384,0021701097,"Mar 25, 2018",TOR vs. LAC,L,18,3,7,0.429,1,3,0.333,0,2,0.0,1,3,4,1,0,0,0,1,7,3,1,2017-18,Regular Season,1628384,OG Anunoby
22017,1628384,0021701109,"Mar 27, 2018",TOR vs. DEN,W,16,3,6,0.5,1,2,0.5,0,0,0.0,1,2,3,1,0,0,0,1,7,-5,1,2017-18,Regular Season,1628384,OG Anunoby
22017,1628384,0021701140,"Mar 31, 2018",TOR @ BOS,L,19,3,4,0.75,1,2,0.5,1,2,0.5,0,1,1,1,0,0,1,4,8,-2,1,2017-18,Regular Season,1628384,OG Anunoby
22017,1628384,0021701156,"Apr 03, 2018",TOR @ CLE,L,21,1,3,0.333,1,3,0.333,1,2,0.5,0,1,1,0,0,0,0,2,4,3,1,2017-18,Regular Season,1628384,OG Anunoby
22017,1628384,0021701171,"Apr 04, 2018",TOR vs. BOS,W,11,2,3,0.667,0,1,0.0,0,0,0.0,2,2,4,0,0,0,0,3,4,-2,1,2017-18,Regular Season,1628384,OG Anunoby
22017,1628384,0021701187,"Apr 06, 2018",TOR vs. IND,W,20,2,5,0.4,0,1,0.0,0,0,0.0,1,3,4,0,1,0,0,1,4,23,1,2017-18,Regular Season,1628384,OG Anunoby
22017,1628384,0021701200,"Apr 08, 2018",TOR vs. ORL,W,34,7,10,0.7,5,8,0.625,2,3,0.667,2,6,8,0,0,1,2,4,21,-1,1,2017-18,Regular Season,1628384,OG Anunoby
22017,1628384,0021701204,"Apr 09, 2018",TOR @ DET,W,19,3,6,0.5,2,4,0.5,0,0,0.0,0,4,4,0,0,2,1,0,8,6,1,2017-18,Regular Season,1628384,OG Anunoby
22017,1628384,0021701221,"Apr 11, 2018",TOR @ MIA,L,19,2,3,0.667,1,2,0.5,0,0,0.0,1,3,4,1,1,0,0,2,5,5,1,2017-18,Regular Season,1628384,OG Anunoby
42017,1628384,0041700101,"Apr 14, 2018",TOR vs. WAS,W,22,5,9,0.556,2,4,0.5,0,0,0.0,2,0,2,1,0,1,0,1,12,11,1,2017-18,Playoffs,1628384,OG Anunoby
42017,1628384,0041700102,"Apr 17, 2018",TOR vs. WAS,W,19,2,3,0.667,1,2,0.5,4,5,0.8,2,1,3,0,1,1,0,2,9,5,1,2017-18,Playoffs,1628384,OG Anunoby
42017,1628384,0041700103,"Apr 20, 2018",TOR @ WAS,L,26,4,5,0.8,2,3,0.667,2,2,1.0,0,3,3,1,1,0,1,2,12,-6,1,2017-18,Playoffs,1628384,OG Anunoby
42017,1628384,0041700104,"Apr 22, 2018",TOR @ WAS,L,22,2,3,0.667,0,0,0.0,0,0,0.0,1,0,1,1,2,0,0,3,4,-4,1,2017-18,Playoffs,1628384,OG Anunoby
42017,1628384,0041700105,"Apr 25, 2018",TOR vs. WAS,W,22,1,4,0.25,1,4,0.25,0,0,0.0,0,3,3,0,1,1,2,3,3,-3,1,2017-18,Playoffs,1628384,OG Anunoby
42017,1628384,0041700106,"Apr 27, 2018",TOR @ WAS,W,20,2,3,0.667,1,2,0.5,2,2,1.0,0,1,1,0,0,0,0,1,7,3,1,2017-18,Playoffs,1628384,OG Anunoby
42017,1628384,0041700201,"May 01, 2018",TOR vs. CLE,L,30,3,5,0.6,1,3,0.333,0,0,0.0,1,1,2,2,0,0,0,3,7,4,1,2017-18,Playoffs,1628384,OG Anunoby
42017,1628384,0041700202,"May 03, 2018",TOR vs. CLE,L,23,2,5,0.4,1,3,0.333,0,0,0.0,0,0,0,1,1,0,1,3,5,-10,2,2017-18,Playoffs,1628384,OG Anunoby
42017,1628384,0041700203,"May 05, 2018",TOR @ CLE,L,33,7,12,0.583,4,7,0.571,0,2,0.0,2,2,4,0,0,1,0,2,18,0,1,2017-18,Playoffs,1628384,OG Anunoby
42017,1628384,0041700204,"May 07, 2018",TOR @ CLE,L,20,1,3,0.333,0,1,0.0,0,0,0.0,1,1,2,1,0,0,2,3,2,-23,1,2017-18,Playoffs,1628384,OG Anunoby
22018,1628384,0021800008,"Oct 17, 2018",TOR vs. CLE,W,18,2,3,0.667,0,1,0.0,0,0,0.0,0,0,0,0,1,0,1,1,4,-2,1,2018-19,Regular Season,1628384,OG Anunoby
22018,1628384,0021800019,"Oct 19, 2018",TOR vs. BOS,W,21,4,6,0.667,1,3,0.333,0,0,0.0,2,2,4,0,0,0,1,4,9,-1,1,2018-19,Regular Season,1628384,OG Anunoby
22018,1628384,0021800027,"Oct 20, 2018",TOR @ WAS,W,29,5,10,0.5,2,4,0.5,0,0,0.0,1,3,4,1,1,0,1,5,12,-1,1,2018-19,Regular Season,1628384,OG Anunoby
22018,1628384,0021800041,"Oct 22, 2018",TOR vs. CHA,W,25,2,7,0.286,1,4,0.25,0,0,0.0,1,3,4,1,0,1,1,0,5,8,1,2018-19,Regular Season,1628384,OG Anunoby
22018,1628384,0021800055,"Oct 24, 2018",TOR vs. MIN,W,28,2,7,0.286,2,6,0.333,0,0,0.0,0,5,5,1,1,1,0,3,6,0,1,2018-19,Regular Season,1628384,OG Anunoby
22018,1628384,0021800123,"Nov 02, 2018",TOR @ PHX,W,21,1,3,0.333,0,2,0.0,0,0,0.0,0,1,1,0,0,0,0,3,2,2,1,2018-19,Regular Season,1628384,OG Anunoby
22018,1628384,0021800139,"Nov 04, 2018",TOR @ LAL,W,24,3,9,0.333,1,5,0.2,0,0,0.0,0,1,1,2,0,0,0,2,7,19,1,2018-19,Regular Season,1628384,OG Anunoby
22018,1628384,0021800146,"Nov 05, 2018",TOR @ UTA,W,25,7,13,0.538,3,5,0.6,0,1,0.0,0,1,1,0,2,0,1,4,17,7,1,2018-19,Regular Season,1628384,OG Anunoby
22018,1628384,0021800161,"Nov 07, 2018",TOR @ SAC,W,24,5,9,0.556,1,3,0.333,0,0,0.0,3,4,7,0,1,0,0,3,11,13,1,2018-19,Regular Season,1628384,OG Anunoby
22018,1628384,0021800174,"Nov 10, 2018",TOR vs. NYK,W,25,7,10,0.7,1,4,0.25,1,2,0.5,1,1,2,0,0,1,1,2,16,8,1,2018-19,Regular Season,1628384,OG Anunoby
22018,1628384,0021800192,"Nov 12, 2018",TOR vs. NOP,L,24,6,13,0.462,2,8,0.25,3,5,0.6,0,2,2,0,3,0,1,2,17,-9,1,2018-19,Regular Season,1628384,OG Anunoby
22018,1628384,0021800206,"Nov 14, 2018",TOR vs. DET,L,24,3,12,0.25,1,6,0.167,0,2,0.0,2,1,3,2,2,1,0,3,7,1,1,2018-19,Regular Season,1628384,OG Anunoby
22018,1628384,0021800216,"Nov 16, 2018",TOR @ BOS,L,9,2,3,0.667,1,2,0.5,0,0,0.0,0,0,0,0,0,0,2,1,5,-15,1,2018-19,Regular Season,1628384,OG Anunoby
22018,1628384,0021800271,"Nov 23, 2018",TOR vs. WAS,W,19,6,11,0.545,3,5,0.6,0,0,0.0,0,0,0,1,0,0,0,2,15,12,1,2018-19,Regular Season,1628384,OG Anunoby
22018,1628384,0021800290,"Nov 25, 2018",TOR vs. MIA,W,16,2,4,0.5,0,2,0.0,0,2,0.0,0,3,3,1,0,1,0,4,4,-15,1,2018-19,Regular Season,1628384,OG Anunoby
22018,1628384,0021800303,"Nov 27, 2018",TOR @ MEM,W,17,2,5,0.4,1,3,0.333,0,1,0.0,0,1,1,0,0,0,1,1,5,-2,1,2018-19,Regular Season,1628384,OG Anunoby
22018,1628384,0021800316,"Nov 29, 2018",TOR vs. GSW,W,16,2,7,0.286,1,6,0.167,0,0,0.0,1,2,3,0,0,0,3,0,5,-9,1,2018-19,Regular Season,1628384,OG Anunoby
22018,1628384,0021800332,"Dec 01, 2018",TOR @ CLE,W,22,3,5,0.6,0,1,0.0,2,4,0.5,1,5,6,1,0,0,0,1,8,-15,1,2018-19,Regular Season,1628384,OG Anunoby
22018,1628384,0021800347,"Dec 03, 2018",TOR vs. DEN,L,12,2,5,0.4,2,3,0.667,0,0,0.0,0,1,1,0,0,0,1,3,6,-1,1,2018-19,Regular Season,1628384,OG Anunoby
22018,1628384,0021800359,"Dec 05, 2018",TOR vs. PHI,W,18,2,8,0.25,0,3,0.0,0,0,0.0,4,1,5,2,1,0,1,2,4,8,1,2018-19,Regular Season,1628384,OG Anunoby
22018,1628384,0021800371,"Dec 07, 2018",TOR @ BKN,L,17,1,5,0.2,1,4,0.25,0,0,0.0,0,4,4,0,0,0,1,0,3,-1,1,2018-19,Regular Season,1628384,OG Anunoby
22018,1628384,0021800388,"Dec 09, 2018",TOR vs. MIL,L,12,1,5,0.2,0,3,0.0,0,0,0.0,0,2,2,0,0,0,0,1,2,-16,1,2018-19,Regular Season,1628384,OG Anunoby
22018,1628384,0021800404,"Dec 11, 2018",TOR @ LAC,W,21,5,9,0.556,2,3,0.667,0,1,0.0,0,2,2,0,1,0,0,2,12,-5,1,2018-19,Regular Season,1628384,OG Anunoby
22018,1628384,0021800415,"Dec 12, 2018",TOR @ GSW,W,19,2,6,0.333,0,1,0.0,0,2,0.0,0,3,3,0,0,0,1,3,4,6,1,2018-19,Regular Season,1628384,OG Anunoby
22018,1628384,0021800427,"Dec 14, 2018",TOR @ POR,L,19,2,3,0.667,1,2,0.5,0,0,0.0,0,1,1,1,2,0,0,2,5,-15,1,2018-19,Regular Season,1628384,OG Anunoby
22018,1628384,0021800442,"Dec 16, 2018",TOR @ DEN,L,26,2,10,0.2,2,8,0.25,1,4,0.25,2,3,5,1,1,2,1,2,7,-18,1,2018-19,Regular Season,1628384,OG Anunoby
22018,1628384,0021800459,"Dec 19, 2018",TOR vs. IND,W,20,3,7,0.429,2,2,1.0,0,0,0.0,1,1,2,1,2,1,0,1,8,1,1,2018-19,Regular Season,1628384,OG Anunoby
22018,1628384,0021800470,"Dec 21, 2018",TOR vs. CLE,W,22,9,14,0.643,3,7,0.429,0,0,0.0,2,6,8,0,0,1,1,5,21,2,1,2018-19,Regular Season,1628384,OG Anunoby
22018,1628384,0021800481,"Dec 22, 2018",TOR @ PHI,L,26,2,4,0.5,1,2,0.5,0,0,0.0,0,5,5,1,0,0,2,5,5,-2,1,2018-19,Regular Season,1628384,OG Anunoby
22018,1628384,0021800506,"Dec 26, 2018",TOR @ MIA,W,25,2,5,0.4,1,3,0.333,0,0,0.0,3,5,8,2,2,0,1,1,5,6,1,2018-19,Regular Season,1628384,OG Anunoby
22018,1628384,0021800519,"Dec 28, 2018",TOR @ ORL,L,23,2,4,0.5,2,2,1.0,2,4,0.5,1,1,2,1,0,0,0,2,8,-11,1,2018-19,Regular Season,1628384,OG Anunoby
22018,1628384,0021800538,"Dec 30, 2018",TOR vs. CHI,W,21,2,6,0.333,1,3,0.333,0,0,0.0,2,1,3,2,0,0,0,0,5,4,1,2018-19,Regular Season,1628384,OG Anunoby
22018,1628384,0021800549,"Jan 01, 2019",TOR vs. UTA,W,18,1,2,0.5,0,0,0.0,0,0,0.0,0,2,2,3,1,0,0,1,2,-11,1,2018-19,Regular Season,1628384,OG Anunoby
22018,1628384,0021800563,"Jan 03, 2019",TOR @ SAS,L,18,0,3,0.0,0,1,0.0,0,0,0.0,0,2,2,1,0,0,1,0,0,0,1,2018-19,Regular Season,1628384,OG Anunoby
22018,1628384,0021800580,"Jan 05, 2019",TOR @ MIL,W,17,1,6,0.167,1,5,0.2,0,0,0.0,0,2,2,0,0,0,1,4,3,-19,1,2018-19,Regular Season,1628384,OG Anunoby
22018,1628384,0021800589,"Jan 06, 2019",TOR vs. IND,W,24,2,7,0.286,1,4,0.25,0,0,0.0,2,3,5,1,1,1,1,0,5,14,1,2018-19,Regular Season,1628384,OG Anunoby
22018,1628384,0021800602,"Jan 08, 2019",TOR vs. ATL,W,28,5,6,0.833,2,2,1.0,2,2,1.0,1,1,2,1,2,0,1,3,14,6,1,2018-19,Regular Season,1628384,OG Anunoby
22018,1628384,0021800624,"Jan 11, 2019",TOR vs. BKN,W,22,5,6,0.833,2,3,0.667,1,4,0.25,0,3,3,1,0,0,0,0,13,4,1,2018-19,Regular Season,1628384,OG Anunoby
22018,1628384,0021800639,"Jan 13, 2019",TOR @ WAS,W,21,2,6,0.333,0,2,0.0,3,3,1.0,1,3,4,0,2,0,1,3,7,-5,1,2018-19,Regular Season,1628384,OG Anunoby
22018,1628384,0021800724,"Jan 25, 2019",TOR @ HOU,L,11,1,3,0.333,0,1,0.0,0,1,0.0,0,1,1,0,0,0,0,2,2,-6,1,2018-19,Regular Season,1628384,OG Anunoby
22018,1628384,0021800739,"Jan 27, 2019",TOR @ DAL,W,11,2,4,0.5,1,3,0.333,0,0,0.0,1,1,2,0,0,0,0,2,5,6,1,2018-19,Regular Season,1628384,OG Anunoby
22018,1628384,0021800766,"Jan 31, 2019",TOR vs. MIL,L,7,0,2,0.0,0,2,0.0,0,0,0.0,0,1,1,1,0,0,0,1,0,-7,1,2018-19,Regular Season,1628384,OG Anunoby
22018,1628384,0021800789,"Feb 03, 2019",TOR vs. LAC,W,24,1,3,0.333,0,2,0.0,2,2,1.0,0,3,3,0,2,1,2,5,4,4,1,2018-19,Regular Season,1628384,OG Anunoby
22018,1628384,0021800800,"Feb 05, 2019",TOR @ PHI,W,14,1,5,0.2,0,1,0.0,0,0,0.0,2,2,4,2,0,0,1,3,2,7,1,2018-19,Regular Season,1628384,OG Anunoby
22018,1628384,0021800813,"Feb 07, 2019",TOR @ ATL,W,26,2,5,0.4,2,4,0.5,0,0,0.0,2,6,8,1,1,0,2,4,6,24,1,2018-19,Regular Season,1628384,OG Anunoby
22018,1628384,0021800828,"Feb 09, 2019",TOR @ NYK,W,16,0,2,0.0,0,1,0.0,2,2,1.0,0,3,3,0,0,0,1,1,2,0,1,2018-19,Regular Season,1628384,OG Anunoby
22018,1628384,0021800842,"Feb 11, 2019",TOR vs. BKN,W,18,3,5,0.6,0,1,0.0,0,0,0.0,1,1,2,1,2,0,1,2,6,0,1,2018-19,Regular Season,1628384,OG Anunoby
22018,1628384,0021800857,"Feb 13, 2019",TOR vs. WAS,W,36,9,14,0.643,4,8,0.5,0,0,0.0,0,5,5,0,1,0,0,5,22,18,1,2018-19,Regular Season,1628384,OG Anunoby
22018,1628384,0021800876,"Feb 22, 2019",TOR vs. SAS,W,16,3,4,0.75,3,3,1.0,0,0,0.0,1,1,2,0,0,0,0,1,9,4,1,2018-19,Regular Season,1628384,OG Anunoby
22018,1628384,0021800894,"Feb 24, 2019",TOR vs. ORL,L,24,2,6,0.333,1,2,0.5,0,0,0.0,1,5,6,0,1,0,1,1,5,-13,1,2018-19,Regular Season,1628384,OG Anunoby
22018,1628384,0021800909,"Feb 26, 2019",TOR vs. BOS,W,20,2,5,0.4,1,3,0.333,0,0,0.0,0,1,1,1,0,1,1,1,5,8,1,2018-19,Regular Season,1628384,OG Anunoby
22018,1628384,0021800930,"Mar 01, 2019",TOR vs. POR,W,14,1,2,0.5,0,1,0.0,0,0,0.0,0,0,0,0,0,1,0,1,2,-14,1,2018-19,Regular Season,1628384,OG Anunoby
22018,1628384,0021800949,"Mar 03, 2019",TOR @ DET,L,35,5,10,0.5,1,4,0.25,2,2,1.0,5,1,6,0,0,1,0,3,13,-2,1,2018-19,Regular Season,1628384,OG Anunoby
22018,1628384,0021800961,"Mar 05, 2019",TOR vs. HOU,L,14,1,2,0.5,1,2,0.5,0,0,0.0,0,1,1,0,0,0,0,0,3,-30,1,2018-19,Regular Season,1628384,OG Anunoby
22018,1628384,0021800983,"Mar 08, 2019",TOR @ NOP,W,23,3,4,0.75,1,2,0.5,0,0,0.0,1,2,3,3,3,0,2,2,7,13,1,2018-19,Regular Season,1628384,OG Anunoby
22018,1628384,0021800993,"Mar 10, 2019",TOR @ MIA,W,24,3,5,0.6,0,1,0.0,5,6,0.833,2,1,3,1,2,1,3,4,11,3,1,2018-19,Regular Season,1628384,OG Anunoby
22018,1628384,0021801001,"Mar 11, 2019",TOR @ CLE,L,26,3,6,0.5,1,3,0.333,1,2,0.5,3,1,4,1,1,1,2,3,8,-11,1,2018-19,Regular Season,1628384,OG Anunoby
22018,1628384,0021801023,"Mar 14, 2019",TOR vs. LAL,W,24,3,6,0.5,1,3,0.333,0,0,0.0,2,2,4,0,2,0,1,2,7,0,1,2018-19,Regular Season,1628384,OG Anunoby
22018,1628384,0021801044,"Mar 17, 2019",TOR @ DET,L,19,3,7,0.429,1,2,0.5,1,1,1.0,1,2,3,0,0,0,3,2,8,-5,2,2018-19,Regular Season,1628384,OG Anunoby
22018,1628384,0021801053,"Mar 18, 2019",TOR vs. NYK,W,18,6,12,0.5,1,6,0.167,1,1,1.0,1,2,3,1,0,2,0,2,14,6,1,2018-19,Regular Season,1628384,OG Anunoby
22018,1628384,0021801072,"Mar 20, 2019",TOR @ OKC,W,14,2,3,0.667,1,2,0.5,1,2,0.5,0,3,3,1,1,1,1,2,6,8,1,2018-19,Regular Season,1628384,OG Anunoby
22018,1628384,0021801083,"Mar 22, 2019",TOR vs. OKC,L,17,1,4,0.25,0,1,0.0,0,0,0.0,1,0,1,0,1,1,1,2,2,-6,1,2018-19,Regular Season,1628384,OG Anunoby
22018,1628384,0021801098,"Mar 24, 2019",TOR vs. CHA,L,15,1,3,0.333,1,3,0.333,0,0,0.0,1,1,2,2,0,0,2,2,3,-7,1,2018-19,Regular Season,1628384,OG Anunoby
22018,1628384,0021801110,"Mar 26, 2019",TOR vs. CHI,W,25,3,4,0.75,0,1,0.0,4,4,1.0,0,1,1,1,1,2,0,3,10,4,1,2018-19,Regular Season,1628384,OG Anunoby
22018,1628384,0021801180,"Apr 05, 2019",TOR @ CHA,L,16,1,4,0.25,0,3,0.0,2,2,1.0,0,0,0,0,1,0,0,0,4,-4,1,2018-19,Regular Season,1628384,OG Anunoby
22018,1628384,0021801195,"Apr 07, 2019",TOR vs. MIA,W,17,0,4,0.0,0,2,0.0,0,0,0.0,1,1,2,1,1,0,2,1,0,-22,1,2018-19,Regular Season,1628384,OG Anunoby
22018,1628384,0021801214,"Apr 09, 2019",TOR @ MIN,W,18,4,6,0.667,1,2,0.5,0,0,0.0,1,4,5,2,0,0,2,2,9,24,1,2018-19,Regular Season,1628384,OG Anunoby
22019,1628384,0021900001,"Oct 22, 2019",TOR vs. NOP,W,36,5,12,0.417,1,4,0.25,0,1,0.0,3,4,7,0,0,2,1,3,11,12,1,2019-20,Regular Season,1628384,OG Anunoby
22019,1628384,0021900017,"Oct 25, 2019",TOR @ BOS,L,38,4,5,0.8,1,2,0.5,0,0,0.0,1,7,8,0,0,1,2,6,9,-4,1,2019-20,Regular Season,1628384,OG Anunoby
22019,1628384,0021900031,"Oct 26, 2019",TOR @ CHI,W,26,7,11,0.636,3,6,0.5,0,0,0.0,2,4,6,2,1,4,1,1,17,25,1,2019-20,Regular Season,1628384,OG Anunoby
22019,1628384,0021900044,"Oct 28, 2019",TOR vs. ORL,W,38,5,11,0.455,2,4,0.5,0,0,0.0,0,8,8,2,5,2,0,2,12,8,1,2019-20,Regular Season,1628384,OG Anunoby
22019,1628384,0021900060,"Oct 30, 2019",TOR vs. DET,W,37,6,10,0.6,1,2,0.5,0,0,0.0,2,6,8,0,2,0,2,3,13,19,1,2019-20,Regular Season,1628384,OG Anunoby
22019,1628384,0021900082,"Nov 02, 2019",TOR @ MIL,L,31,3,5,0.6,2,4,0.5,1,2,0.5,2,1,3,4,2,0,1,1,9,-11,1,2019-20,Regular Season,1628384,OG Anunoby
22019,1628384,0021900106,"Nov 06, 2019",TOR vs. SAC,W,37,7,10,0.7,3,4,0.75,1,3,0.333,0,6,6,5,0,3,0,3,18,7,1,2019-20,Regular Season,1628384,OG Anunoby
22019,1628384,0021900121,"Nov 08, 2019",TOR @ NOP,W,30,7,13,0.538,5,7,0.714,2,2,1.0,2,5,7,4,1,1,1,2,21,12,1,2019-20,Regular Season,1628384,OG Anunoby
22019,1628384,0021900139,"Nov 10, 2019",TOR @ LAL,W,26,2,6,0.333,1,3,0.333,2,2,1.0,0,3,3,0,1,0,1,3,7,-4,1,2019-20,Regular Season,1628384,OG Anunoby
22019,1628384,0021900145,"Nov 11, 2019",TOR @ LAC,L,2,0,0,0.0,0,0,0.0,0,0,0.0,0,0,0,1,0,0,1,0,0,-4,1,2019-20,Regular Season,1628384,OG Anunoby
22019,1628384,0021900180,"Nov 16, 2019",TOR @ DAL,L,32,3,6,0.5,2,4,0.5,0,0,0.0,0,5,5,0,0,0,0,2,8,-12,1,2019-20,Regular Season,1628384,OG Anunoby
22019,1628384,0021900191,"Nov 18, 2019",TOR vs. CHA,W,27,10,13,0.769,4,7,0.571,0,0,0.0,0,5,5,2,1,0,3,4,24,25,1,2019-20,Regular Season,1628384,OG Anunoby
22019,1628384,0021900207,"Nov 20, 2019",TOR vs. ORL,W,23,3,6,0.5,1,3,0.333,2,2,1.0,0,4,4,0,0,1,1,3,9,1,1,2019-20,Regular Season,1628384,OG Anunoby
22019,1628384,0021900228,"Nov 23, 2019",TOR @ ATL,W,26,3,10,0.3,0,2,0.0,1,2,0.5,1,3,4,1,0,0,0,0,7,2,1,2019-20,Regular Season,1628384,OG Anunoby
22019,1628384,0021900246,"Nov 25, 2019",TOR vs. PHI,W,35,5,10,0.5,2,5,0.4,0,2,0.0,0,3,3,2,1,1,2,2,12,2,1,2019-20,Regular Season,1628384,OG Anunoby
22019,1628384,0021900258,"Nov 27, 2019",TOR vs. NYK,W,33,5,11,0.455,3,5,0.6,0,0,0.0,3,9,12,1,2,0,3,1,13,29,1,2019-20,Regular Season,1628384,OG Anunoby
22019,1628384,0021900269,"Nov 29, 2019",TOR @ ORL,W,35,1,5,0.2,0,3,0.0,0,2,0.0,1,6,7,4,3,0,2,5,2,-1,1,2019-20,Regular Season,1628384,OG Anunoby
22019,1628384,0021900291,"Dec 01, 2019",TOR vs. UTA,W,30,3,5,0.6,0,1,0.0,4,7,0.571,0,5,5,2,4,1,2,3,10,19,1,2019-20,Regular Season,1628384,OG Anunoby
22019,1628384,0021900301,"Dec 03, 2019",TOR vs. MIA,L,21,3,5,0.6,0,2,0.0,0,0,0.0,0,3,3,2,0,1,0,3,6,-3,1,2019-20,Regular Season,1628384,OG Anunoby
22019,1628384,0021900318,"Dec 05, 2019",TOR vs. HOU,L,24,4,11,0.364,1,7,0.143,0,0,0.0,1,3,4,4,1,0,0,2,9,6,1,2019-20,Regular Season,1628384,OG Anunoby
22019,1628384,0021900338,"Dec 08, 2019",TOR @ PHI,L,35,8,14,0.571,2,4,0.5,1,1,1.0,3,7,10,2,4,1,0,2,19,2,1,2019-20,Regular Season,1628384,OG Anunoby
22019,1628384,0021900345,"Dec 09, 2019",TOR @ CHI,W,37,4,9,0.444,0,2,0.0,2,3,0.667,1,4,5,2,2,2,2,0,10,9,1,2019-20,Regular Season,1628384,OG Anunoby
22019,1628384,0021900359,"Dec 11, 2019",TOR vs. LAC,L,35,4,14,0.286,1,7,0.143,4,4,1.0,2,5,7,0,1,2,2,3,13,-24,1,2019-20,Regular Season,1628384,OG Anunoby
22019,1628384,0021900381,"Dec 14, 2019",TOR vs. BKN,W,21,2,7,0.286,1,3,0.333,0,0,0.0,0,1,1,1,0,0,2,3,5,10,1,2019-20,Regular Season,1628384,OG Anunoby
22019,1628384,0021900395,"Dec 16, 2019",TOR vs. CLE,W,28,6,9,0.667,0,2,0.0,0,0,0.0,2,7,9,1,1,0,0,2,12,9,1,2019-20,Regular Season,1628384,OG Anunoby
22019,1628384,0021900408,"Dec 18, 2019",TOR @ DET,W,35,7,12,0.583,2,5,0.4,3,3,1.0,0,8,8,3,0,1,2,4,19,9,1,2019-20,Regular Season,1628384,OG Anunoby
22019,1628384,0021900423,"Dec 20, 2019",TOR vs. WAS,W,33,6,11,0.545,2,5,0.4,4,6,0.667,2,5,7,2,0,0,2,4,18,10,1,2019-20,Regular Season,1628384,OG Anunoby
22019,1628384,0021900439,"Dec 22, 2019",TOR vs. DAL,W,29,3,8,0.375,0,2,0.0,0,0,0.0,1,5,6,2,0,0,3,3,6,-27,1,2019-20,Regular Season,1628384,OG Anunoby
22019,1628384,0021900446,"Dec 23, 2019",TOR @ IND,L,43,6,13,0.462,1,6,0.167,2,4,0.5,2,10,12,0,2,1,0,2,15,-6,1,2019-20,Regular Season,1628384,OG Anunoby
22019,1628384,0021900455,"Dec 25, 2019",TOR vs. BOS,L,25,2,6,0.333,0,2,0.0,1,2,0.5,0,1,1,0,0,2,2,2,5,-4,1,2019-20,Regular Season,1628384,OG Anunoby
22019,1628384,0021900473,"Dec 28, 2019",TOR @ BOS,W,15,3,4,0.75,1,2,0.5,0,0,0.0,0,4,4,0,0,0,5,6,7,9,1,2019-20,Regular Season,1628384,OG Anunoby
22019,1628384,0021900486,"Dec 29, 2019",TOR vs. OKC,L,26,3,12,0.25,0,7,0.0,0,0,0.0,2,3,5,1,1,0,0,1,6,0,1,2019-20,Regular Season,1628384,OG Anunoby
22019,1628384,0021900500,"Dec 31, 2019",TOR vs. CLE,W,30,5,8,0.625,2,3,0.667,0,0,0.0,1,6,7,4,1,0,1,2,12,13,1,2019-20,Regular Season,1628384,OG Anunoby
22019,1628384,0021900510,"Jan 02, 2020",TOR @ MIA,L,37,5,12,0.417,2,5,0.4,0,0,0.0,1,11,12,3,2,0,2,2,12,-1,1,2019-20,Regular Season,1628384,OG Anunoby
22019,1628384,0021900524,"Jan 04, 2020",TOR @ BKN,W,29,3,6,0.5,1,2,0.5,0,0,0.0,1,2,3,1,0,0,0,3,7,8,1,2019-20,Regular Season,1628384,OG Anunoby
22019,1628384,0021900549,"Jan 07, 2020",TOR vs. POR,L,30,3,9,0.333,2,4,0.5,0,0,0.0,2,4,6,0,0,1,1,2,8,-9,1,2019-20,Regular Season,1628384,OG Anunoby
22019,1628384,0021900555,"Jan 08, 2020",TOR @ CHA,W,36,8,13,0.615,3,4,0.75,0,0,0.0,1,6,7,1,1,0,0,4,19,13,1,2019-20,Regular Season,1628384,OG Anunoby
22019,1628384,0021900587,"Jan 12, 2020",TOR vs. SAS,L,29,3,5,0.6,1,1,1.0,1,1,1.0,1,2,3,2,1,0,0,2,8,10,1,2019-20,Regular Season,1628384,OG Anunoby
22019,1628384,0021900609,"Jan 15, 2020",TOR @ OKC,W,39,8,13,0.615,3,6,0.5,2,2,1.0,0,5,5,5,3,0,1,2,21,3,1,2019-20,Regular Season,1628384,OG Anunoby
22019,1628384,0021900621,"Jan 17, 2020",TOR vs. WAS,W,26,8,13,0.615,2,6,0.333,0,0,0.0,1,5,6,2,4,0,4,2,18,8,1,2019-20,Regular Season,1628384,OG Anunoby
22019,1628384,0021900632,"Jan 18, 2020",TOR @ MIN,W,24,0,4,0.0,0,2,0.0,2,2,1.0,2,1,3,0,0,0,1,2,2,3,1,2019-20,Regular Season,1628384,OG Anunoby
22019,1628384,0021900640,"Jan 20, 2020",TOR @ ATL,W,21,2,6,0.333,0,2,0.0,0,0,0.0,3,1,4,1,0,0,1,2,4,1,1,2019-20,Regular Season,1628384,OG Anunoby
22019,1628384,0021900660,"Jan 22, 2020",TOR vs. PHI,W,21,0,3,0.0,0,1,0.0,0,0,0.0,1,1,2,2,1,1,1,2,0,-13,1,2019-20,Regular Season,1628384,OG Anunoby
22019,1628384,0021900672,"Jan 24, 2020",TOR @ NYK,W,26,3,7,0.429,1,2,0.5,0,0,0.0,0,2,2,0,1,1,1,1,7,-5,1,2019-20,Regular Season,1628384,OG Anunoby
22019,1628384,0021900686,"Jan 26, 2020",TOR @ SAS,W,24,4,8,0.5,2,5,0.4,0,0,0.0,2,3,5,3,1,1,0,2,10,5,1,2019-20,Regular Season,1628384,OG Anunoby
22019,1628384,0021900703,"Jan 28, 2020",TOR vs. ATL,W,27,1,3,0.333,0,2,0.0,2,2,1.0,1,5,6,3,1,3,0,4,4,14,1,2019-20,Regular Season,1628384,OG Anunoby
22019,1628384,0021900714,"Jan 30, 2020",TOR @ CLE,W,31,4,9,0.444,1,1,1.0,0,2,0.0,0,3,3,1,0,0,2,2,9,-3,1,2019-20,Regular Season,1628384,OG Anunoby
22019,1628384,0021900720,"Jan 31, 2020",TOR @ DET,W,24,3,6,0.5,0,2,0.0,0,0,0.0,1,1,2,1,0,0,0,2,6,1,1,2019-20,Regular Season,1628384,OG Anunoby
22019,1628384,0021900740,"Feb 02, 2020",TOR vs. CHI,W,21,2,3,0.667,0,0,0.0,0,0,0.0,2,5,7,0,1,0,2,0,4,6,1,2019-20,Regular Season,1628384,OG Anunoby
22019,1628384,0021900758,"Feb 05, 2020",TOR vs. IND,W,28,0,1,0.0,0,1,0.0,0,0,0.0,1,2,3,0,1,0,1,1,0,-2,1,2019-20,Regular Season,1628384,OG Anunoby
22019,1628384,0021900772,"Feb 07, 2020",TOR @ IND,W,28,5,8,0.625,3,5,0.6,3,4,0.75,1,2,3,0,5,0,1,6,16,9,1,2019-20,Regular Season,1628384,OG Anunoby
22019,1628384,0021900781,"Feb 08, 2020",TOR vs. BKN,W,29,2,4,0.5,0,1,0.0,1,2,0.5,0,4,4,1,2,0,0,1,5,-5,1,2019-20,Regular Season,1628384,OG Anunoby
22019,1628384,0021900796,"Feb 10, 2020",TOR vs. MIN,W,36,10,13,0.769,3,4,0.75,2,2,1.0,5,7,12,3,3,1,1,0,25,10,1,2019-20,Regular Season,1628384,OG Anunoby
22019,1628384,0021900809,"Feb 12, 2020",TOR @ BKN,L,32,2,5,0.4,0,2,0.0,0,0,0.0,0,3,3,0,1,1,2,3,4,-10,1,2019-20,Regular Season,1628384,OG Anunoby
22019,1628384,0021900829,"Feb 21, 2020",TOR vs. PHX,W,39,5,9,0.556,0,2,0.0,2,2,1.0,1,4,5,1,1,4,4,1,12,19,1,2019-20,Regular Season,1628384,OG Anunoby
22019,1628384,0021900843,"Feb 23, 2020",TOR vs. IND,W,28,3,7,0.429,0,2,0.0,1,2,0.5,0,4,4,2,1,1,2,3,7,21,1,2019-20,Regular Season,1628384,OG Anunoby
22019,1628384,0021900858,"Feb 25, 2020",TOR vs. MIL,L,30,4,8,0.5,2,3,0.667,1,1,1.0,2,3,5,4,2,0,0,2,11,-20,1,2019-20,Regular Season,1628384,OG Anunoby
22019,1628384,0021900879,"Feb 28, 2020",TOR vs. CHA,L,40,5,12,0.417,2,6,0.333,4,5,0.8,4,5,9,3,6,0,0,2,16,0,1,2019-20,Regular Season,1628384,OG Anunoby
22019,1628384,0021900898,"Mar 01, 2020",TOR @ DEN,L,40,12,16,0.75,3,6,0.5,5,5,1.0,2,5,7,3,7,0,0,5,32,-11,1,2019-20,Regular Season,1628384,OG Anunoby
22019,1628384,0021900914,"Mar 03, 2020",TOR @ PHX,W,37,5,12,0.417,1,3,0.333,0,0,0.0,1,8,9,2,2,1,1,6,11,13,1,2019-20,Regular Season,1628384,OG Anunoby
22019,1628384,0021900929,"Mar 05, 2020",TOR @ GSW,W,38,5,7,0.714,3,4,0.75,1,2,0.5,2,2,4,0,3,0,0,2,14,11,1,2019-20,Regular Season,1628384,OG Anunoby
22019,1628384,0021900956,"Mar 08, 2020",TOR @ SAC,W,39,4,7,0.571,2,3,0.667,2,4,0.5,0,2,2,0,1,0,2,4,12,10,1,2019-20,Regular Season,1628384,OG Anunoby
22019,1628384,0021900959,"Mar 09, 2020",TOR @ UTA,W,33,3,6,0.5,1,3,0.333,0,0,0.0,2,3,5,1,1,1,1,2,7,5,1,2019-20,Regular Season,1628384,OG Anunoby
22019,1628384,0021901243,"Aug 01, 2020",TOR vs. LAL,W,33,8,9,0.889,3,3,1.0,4,4,1.0,1,3,4,1,2,0,0,4,23,27,1,2019-20,Regular Season,1628384,OG Anunoby
22019,1628384,0021901250,"Aug 03, 2020",TOR @ MIA,W,33,1,5,0.2,1,1,1.0,4,6,0.667,1,2,3,1,1,1,0,1,7,0,1,2019-20,Regular Season,1628384,OG Anunoby
22019,1628384,0021901266,"Aug 05, 2020",TOR @ ORL,W,32,5,7,0.714,0,0,0.0,2,2,1.0,0,5,5,1,0,1,1,1,12,17,1,2019-20,Regular Season,1628384,OG Anunoby
22019,1628384,0021901279,"Aug 07, 2020",TOR vs. BOS,L,18,1,4,0.25,1,2,0.5,0,0,0.0,1,1,2,1,1,0,0,0,3,-15,1,2019-20,Regular Season,1628384,OG Anunoby
22019,1628384,0021901286,"Aug 09, 2020",TOR vs. MEM,W,28,2,8,0.25,2,5,0.4,0,0,0.0,1,4,5,0,3,1,1,2,6,10,1,2019-20,Regular Season,1628384,OG Anunoby
22019,1628384,0021901294,"Aug 10, 2020",TOR @ MIL,W,25,2,6,0.333,0,2,0.0,3,4,0.75,2,2,4,5,1,0,2,4,7,5,1,2019-20,Regular Season,1628384,OG Anunoby
42019,1628384,0041900111,"Aug 17, 2020",TOR vs. BKN,W,34,4,8,0.5,3,5,0.6,1,1,1.0,2,3,5,1,1,2,1,5,12,18,1,2019-20,Playoffs,1628384,OG Anunoby
42019,1628384,0041900112,"Aug 19, 2020",TOR vs. BKN,W,36,2,8,0.25,0,3,0.0,2,4,0.5,1,4,5,1,2,2,0,1,6,1,1,2019-20,Playoffs,1628384,OG Anunoby
42019,1628384,0041900113,"Aug 21, 2020",TOR @ BKN,W,33,4,7,0.571,0,2,0.0,0,0,0.0,1,4,5,3,1,0,0,4,8,23,1,2019-20,Playoffs,1628384,OG Anunoby
42019,1628384,0041900114,"Aug 23, 2020",TOR @ BKN,W,26,3,7,0.429,1,3,0.333,3,4,0.75,3,4,7,2,0,2,3,0,10,14,1,2019-20,Playoffs,1628384,OG Anunoby
42019,1628384,0041900211,"Aug 30, 2020",TOR vs. BOS,L,33,4,6,0.667,1,3,0.333,3,4,0.75,2,5,7,0,0,2,1,2,12,-21,1,2019-20,Playoffs,1628384,OG Anunoby
42019,1628384,0041900212,"Sep 01, 2020",TOR vs. BOS,L,38,7,12,0.583,4,6,0.667,2,3,0.667,2,5,7,0,1,0,1,5,20,6,1,2019-20,Playoffs,1628384,OG Anunoby
42019,1628384,0041900213,"Sep 03, 2020",TOR @ BOS,W,45,4,8,0.5,3,5,0.6,1,2,0.5,2,8,10,1,3,2,1,1,12,0,1,2019-20,Playoffs,1628384,OG Anunoby
42019,1628384,0041900214,"Sep 05, 2020",TOR @ BOS,W,35,3,7,0.429,2,4,0.5,3,4,0.75,2,1,3,3,0,2,3,1,11,6,1,2019-20,Playoffs,1628384,OG Anunoby
42019,1628384,0041900215,"Sep 07, 2020",TOR vs. BOS,L,26,3,11,0.273,1,5,0.2,0,0,0.0,4,3,7,0,2,1,1,2,7,-26,1,2019-20,Playoffs,1628384,OG Anunoby
42019,1628384,0041900216,"Sep 09, 2020",TOR @ BOS,W,50,5,11,0.455,2,3,0.667,1,4,0.25,5,8,13,1,1,0,4,4,13,2,1,2019-20,Playoffs,1628384,OG Anunoby
42019,1628384,0041900217,"Sep 11, 2020",TOR vs. BOS,L,35,1,3,0.333,0,2,0.0,2,2,1.0,2,5,7,1,0,0,1,2,4,-1,1,2019-20,Playoffs,1628384,OG Anunoby
22020,1628384,0022000014,"Dec 23, 2020",TOR vs. NOP,L,36,4,10,0.4,0,5,0.0,0,0,0.0,2,6,8,2,3,2,4,4,8,-14,1,2020-21,Regular Season,1628384,OG Anunoby
22020,1628384,0022000027,"Dec 26, 2020",TOR @ SAS,L,36,3,6,0.5,2,5,0.4,2,4,0.5,1,5,6,1,2,1,0,2,10,2,1,2020-21,Regular Season,1628384,OG Anunoby
22020,1628384,0022000049,"Dec 29, 2020",TOR @ PHI,L,36,7,11,0.636,4,7,0.571,2,2,1.0,2,4,6,2,5,1,1,3,20,5,1,2020-21,Regular Season,1628384,OG Anunoby
22020,1628384,0022000066,"Dec 31, 2020",TOR vs. NYK,W,35,1,10,0.1,0,7,0.0,3,4,0.75,2,5,7,2,1,0,1,3,5,22,1,2020-21,Regular Season,1628384,OG Anunoby
22020,1628384,0022000084,"Jan 02, 2021",TOR @ NOP,L,36,5,11,0.455,2,8,0.25,5,6,0.833,1,6,7,3,0,0,2,4,17,2,1,2020-21,Regular Season,1628384,OG Anunoby
22020,1628384,0022000097,"Jan 04, 2021",TOR vs. BOS,L,30,3,8,0.375,1,4,0.25,3,5,0.6,0,0,0,1,1,0,1,4,10,-12,1,2020-21,Regular Season,1628384,OG Anunoby
22020,1628384,0022000115,"Jan 06, 2021",TOR @ PHX,L,38,8,10,0.8,3,5,0.6,1,2,0.5,2,6,8,0,1,0,1,2,20,0,1,2020-21,Regular Season,1628384,OG Anunoby
22020,1628384,0022000132,"Jan 08, 2021",TOR @ SAC,W,29,2,8,0.25,0,4,0.0,4,6,0.667,0,2,2,2,2,0,3,5,8,17,1,2020-21,Regular Season,1628384,OG Anunoby
22020,1628384,0022000148,"Jan 10, 2021",TOR @ GSW,L,37,4,12,0.333,2,6,0.333,0,0,0.0,2,4,6,1,2,1,1,0,10,0,1,2020-21,Regular Season,1628384,OG Anunoby
22020,1628384,0022000155,"Jan 11, 2021",TOR @ POR,L,36,6,9,0.667,4,6,0.667,2,2,1.0,0,4,4,3,1,1,2,4,18,-4,1,2020-21,Regular Season,1628384,OG Anunoby
22020,1628384,0022000175,"Jan 14, 2021",TOR vs. CHA,W,33,4,9,0.444,2,4,0.5,3,4,0.75,3,2,5,2,3,1,2,2,13,-5,1,2020-21,Regular Season,1628384,OG Anunoby
22020,1628384,0022000191,"Jan 16, 2021",TOR vs. CHA,W,36,7,13,0.538,4,8,0.5,0,0,0.0,1,4,5,1,4,0,2,1,18,-10,1,2020-21,Regular Season,1628384,OG Anunoby
22020,1628384,0022000210,"Jan 18, 2021",TOR vs. DAL,W,33,5,12,0.417,3,5,0.6,0,0,0.0,3,8,11,0,2,1,1,1,13,11,1,2020-21,Regular Season,1628384,OG Anunoby
22020,1628384,0022000220,"Jan 20, 2021",TOR vs. MIA,L,40,6,12,0.5,4,8,0.5,2,2,1.0,4,3,7,3,1,0,2,2,18,4,1,2020-21,Regular Season,1628384,OG Anunoby
22020,1628384,0022000234,"Jan 22, 2021",TOR vs. MIA,W,35,8,12,0.667,5,6,0.833,0,0,0.0,0,4,4,1,2,0,2,3,21,22,1,2020-21,Regular Season,1628384,OG Anunoby
22020,1628384,0022000249,"Jan 24, 2021",TOR @ IND,W,40,9,16,0.563,4,6,0.667,8,10,0.8,3,5,8,1,5,1,4,5,30,14,1,2020-21,Regular Season,1628384,OG Anunoby
22020,1628384,0022000258,"Jan 25, 2021",TOR @ IND,L,28,4,8,0.5,2,3,0.667,0,0,0.0,1,4,5,2,0,0,1,4,10,-5,1,2020-21,Regular Season,1628384,OG Anunoby
22020,1628384,0022000430,"Feb 16, 2021",TOR @ MIL,W,27,5,9,0.556,2,5,0.4,1,1,1.0,2,5,7,1,1,1,1,4,13,18,1,2020-21,Regular Season,1628384,OG Anunoby
22020,1628384,0022000445,"Feb 18, 2021",TOR @ MIL,W,27,4,12,0.333,0,6,0.0,2,2,1.0,0,7,7,1,0,1,0,1,10,2,1,2020-21,Regular Season,1628384,OG Anunoby
22020,1628384,0022000468,"Feb 21, 2021",TOR vs. PHI,W,30,4,6,0.667,0,1,0.0,2,3,0.667,1,5,6,1,0,1,3,1,10,-13,1,2020-21,Regular Season,1628384,OG Anunoby
22020,1628384,0022000484,"Feb 23, 2021",TOR vs. PHI,L,29,4,13,0.308,2,7,0.286,0,0,0.0,2,2,4,1,1,2,0,2,10,3,1,2020-21,Regular Season,1628384,OG Anunoby
22020,1628384,0022000492,"Feb 24, 2021",TOR @ MIA,L,36,6,13,0.462,2,5,0.4,0,0,0.0,1,5,6,2,0,2,1,3,14,-7,1,2020-21,Regular Season,1628384,OG Anunoby
22020,1628384,0022000506,"Feb 26, 2021",TOR vs. HOU,W,28,5,8,0.625,1,3,0.333,0,0,0.0,0,3,3,5,0,1,3,4,11,12,1,2020-21,Regular Season,1628384,OG Anunoby
22020,1628384,0022000634,"Mar 19, 2021",TOR vs. UTA,L,34,6,8,0.75,3,5,0.6,0,0,0.0,0,5,5,1,4,1,0,6,15,3,1,2020-21,Regular Season,1628384,OG Anunoby
22020,1628384,0022000648,"Mar 21, 2021",TOR @ CLE,L,31,7,15,0.467,2,6,0.333,1,2,0.5,1,5,6,2,3,1,4,2,17,-6,1,2020-21,Regular Season,1628384,OG Anunoby
22020,1628384,0022000668,"Mar 24, 2021",TOR vs. DEN,W,28,8,16,0.5,5,9,0.556,2,2,1.0,2,4,6,3,1,1,1,2,23,20,1,2020-21,Regular Season,1628384,OG Anunoby
22020,1628384,0022000684,"Mar 26, 2021",TOR vs. PHX,L,38,5,12,0.417,2,6,0.333,3,4,0.75,3,4,7,3,2,0,1,3,15,3,1,2020-21,Regular Season,1628384,OG Anunoby
22020,1628384,0022000704,"Mar 28, 2021",TOR vs. POR,L,38,7,15,0.467,3,7,0.429,2,4,0.5,4,6,10,3,1,0,7,2,19,-7,1,2020-21,Regular Season,1628384,OG Anunoby
22020,1628384,0022000711,"Mar 29, 2021",TOR @ DET,L,31,6,12,0.5,3,8,0.375,4,4,1.0,0,5,5,3,0,3,1,3,19,-19,1,2020-21,Regular Season,1628384,OG Anunoby
22020,1628384,0022000727,"Mar 31, 2021",TOR @ OKC,L,36,7,18,0.389,4,11,0.364,2,2,1.0,3,8,11,3,3,1,2,3,20,-3,1,2020-21,Regular Season,1628384,OG Anunoby
22020,1628384,0022000737,"Apr 02, 2021",TOR vs. GSW,W,26,8,12,0.667,2,4,0.5,3,4,0.75,1,2,3,2,2,1,0,0,21,43,1,2020-21,Regular Season,1628384,OG Anunoby
22020,1628384,0022000763,"Apr 05, 2021",TOR vs. WAS,W,38,6,17,0.353,1,6,0.167,1,2,0.5,0,6,6,2,0,1,2,2,14,4,1,2020-21,Regular Season,1628384,OG Anunoby
22020,1628384,0022000772,"Apr 06, 2021",TOR vs. LAL,L,10,1,3,0.333,0,2,0.0,0,0,0.0,0,0,0,3,0,0,1,0,2,-13,1,2020-21,Regular Season,1628384,OG Anunoby
22020,1628384,0022000523,"Apr 08, 2021",TOR vs. CHI,L,41,5,17,0.294,2,8,0.25,1,2,0.5,3,1,4,6,3,0,2,4,13,-12,1,2020-21,Regular Season,1628384,OG Anunoby
22020,1628384,0022000794,"Apr 10, 2021",TOR @ CLE,W,30,5,11,0.455,3,6,0.5,2,2,1.0,0,5,5,3,0,0,1,4,15,22,1,2020-21,Regular Season,1628384,OG Anunoby
22020,1628384,0022000824,"Apr 13, 2021",TOR vs. ATL,L,36,7,12,0.583,1,5,0.2,0,0,0.0,1,5,6,0,1,0,3,5,15,-4,1,2020-21,Regular Season,1628384,OG Anunoby
22020,1628384,0022000831,"Apr 14, 2021",TOR vs. SAS,W,34,7,15,0.467,4,7,0.571,4,4,1.0,1,3,4,3,2,0,2,1,22,3,1,2020-21,Regular Season,1628384,OG Anunoby
22020,1628384,0022000884,"Apr 21, 2021",TOR vs. BKN,W,35,8,14,0.571,4,9,0.444,5,5,1.0,0,3,3,1,0,2,4,3,25,16,1,2020-21,Regular Season,1628384,OG Anunoby
22020,1628384,0022000904,"Apr 24, 2021",TOR @ NYK,L,39,9,16,0.563,6,11,0.545,3,4,0.75,0,5,5,3,2,0,1,4,27,-3,1,2020-21,Regular Season,1628384,OG Anunoby
22020,1628384,0022000921,"Apr 26, 2021",TOR vs. CLE,W,32,9,15,0.6,0,5,0.0,2,2,1.0,1,4,5,2,1,1,0,1,20,18,1,2020-21,Regular Season,1628384,OG Anunoby
22020,1628384,0022000930,"Apr 27, 2021",TOR vs. BKN,L,32,9,15,0.6,3,5,0.6,0,1,0.0,0,6,6,6,2,0,2,3,21,-2,1,2020-21,Regular Season,1628384,OG Anunoby
22020,1628384,0022000948,"Apr 29, 2021",TOR @ DEN,L,34,8,21,0.381,4,8,0.5,5,5,1.0,1,2,3,3,1,1,2,2,25,-2,1,2020-21,Regular Season,1628384,OG Anunoby
22020,1628384,0022000965,"May 01, 2021",TOR @ UTA,L,41,7,17,0.412,3,9,0.333,0,0,0.0,0,5,5,4,1,2,1,0,17,-6,1,2020-21,Regular Season,1628384,OG Anunoby
22021,1628384,0022100006,"Oct 20, 2021",TOR vs. WAS,L,34,3,17,0.176,2,9,0.222,3,4,0.75,4,6,10,1,2,1,3,1,11,-21,1,2021-22,Regular Season,1628384,OG Anunoby
22021,1628384,0022100020,"Oct 22, 2021",TOR @ BOS,W,34,4,17,0.235,0,5,0.0,6,6,1.0,3,1,4,3,0,0,1,2,14,11,1,2021-22,Regular Season,1628384,OG Anunoby
22021,1628384,0022100029,"Oct 23, 2021",TOR vs. DAL,L,32,9,15,0.6,5,9,0.556,0,0,0.0,0,4,4,0,2,2,2,5,23,-1,1,2021-22,Regular Season,1628384,OG Anunoby
22021,1628384,0022100046,"Oct 25, 2021",TOR vs. CHI,L,38,8,17,0.471,4,8,0.5,2,2,1.0,3,5,8,5,2,0,2,4,22,7,1,2021-22,Regular Season,1628384,OG Anunoby
22021,1628384,0022100058,"Oct 27, 2021",TOR vs. IND,W,34,9,21,0.429,4,10,0.4,3,4,0.75,1,2,3,3,5,1,1,2,25,18,1,2021-22,Regular Season,1628384,OG Anunoby
22021,1628384,0022100071,"Oct 29, 2021",TOR vs. ORL,W,41,7,19,0.368,2,8,0.25,0,0,0.0,0,5,5,3,0,0,2,5,16,3,1,2021-22,Regular Season,1628384,OG Anunoby
22021,1628384,0022100081,"Oct 30, 2021",TOR @ IND,W,38,6,13,0.462,3,7,0.429,0,0,0.0,2,3,5,5,1,1,1,1,15,2,1,2021-22,Regular Season,1628384,OG Anunoby
22021,1628384,0022100099,"Nov 01, 2021",TOR @ NYK,W,41,13,27,0.481,4,12,0.333,6,7,0.857,3,3,6,2,1,0,1,3,36,15,1,2021-22,Regular Season,1628384,OG Anunoby
22021,1628384,0022100112,"Nov 03, 2021",TOR @ WAS,W,40,9,20,0.45,3,5,0.6,0,0,0.0,1,4,5,1,3,1,2,4,21,5,1,2021-22,Regular Season,1628384,OG Anunoby
22021,1628384,0022100127,"Nov 05, 2021",TOR vs. CLE,L,37,10,21,0.476,3,7,0.429,0,0,0.0,2,4,6,5,1,1,0,4,23,-5,1,2021-22,Regular Season,1628384,OG Anunoby
22021,1628384,0022100139,"Nov 07, 2021",TOR vs. BKN,L,38,7,16,0.438,1,6,0.167,1,2,0.5,1,7,8,3,0,0,2,2,16,-13,1,2021-22,Regular Season,1628384,OG Anunoby
22021,1628384,0022100160,"Nov 10, 2021",TOR @ BOS,L,36,6,14,0.429,0,4,0.0,2,3,0.667,1,4,5,4,1,1,3,0,14,-17,1,2021-22,Regular Season,1628384,OG Anunoby
22021,1628384,0022100171,"Nov 11, 2021",TOR @ PHI,W,39,7,15,0.467,2,4,0.5,4,4,1.0,1,3,4,4,1,0,1,3,20,-7,1,2021-22,Regular Season,1628384,OG Anunoby
22021,1628384,0022100189,"Nov 13, 2021",TOR vs. DET,L,38,7,14,0.5,2,8,0.25,1,2,0.5,0,2,2,0,1,1,4,4,17,3,1,2021-22,Regular Season,1628384,OG Anunoby
22021,1628384,0022100208,"Nov 15, 2021",TOR @ POR,L,41,9,19,0.474,6,10,0.6,5,6,0.833,2,4,6,2,3,0,0,1,29,0,1,2021-22,Regular Season,1628384,OG Anunoby
22021,1628384,0022100443,"Dec 18, 2021",TOR vs. GSW,W,28,3,8,0.375,0,3,0.0,1,2,0.5,0,3,3,2,1,0,1,4,7,21,1,2021-22,Regular Season,1628384,OG Anunoby
22021,1628384,0022100534,"Dec 31, 2021",TOR vs. LAC,W,36,8,16,0.5,3,7,0.429,7,8,0.875,3,3,6,0,4,0,1,3,26,10,1,2021-22,Regular Season,1628384,OG Anunoby
22021,1628384,0022100545,"Jan 02, 2022",TOR vs. NYK,W,30,4,11,0.364,1,5,0.2,5,5,1.0,0,3,3,1,3,0,0,4,14,11,1,2021-22,Regular Season,1628384,OG Anunoby
22021,1628384,0022100563,"Jan 04, 2022",TOR vs. SAS,W,31,5,14,0.357,2,8,0.25,2,2,1.0,1,6,7,3,2,0,1,1,14,6,1,2021-22,Regular Season,1628384,OG Anunoby
22021,1628384,0022100573,"Jan 05, 2022",TOR @ MIL,W,35,6,10,0.6,4,7,0.571,6,8,0.75,0,6,6,2,0,0,3,4,22,-3,1,2021-22,Regular Season,1628384,OG Anunoby
22021,1628384,0022100584,"Jan 07, 2022",TOR vs. UTA,W,34,8,13,0.615,4,7,0.571,2,2,1.0,1,3,4,2,3,0,1,0,22,11,1,2021-22,Regular Season,1628384,OG Anunoby
22021,1628384,0022100599,"Jan 09, 2022",TOR vs. NOP,W,35,5,12,0.417,2,6,0.333,0,0,0.0,2,3,5,2,0,0,2,5,12,6,1,2021-22,Regular Season,1628384,OG Anunoby
22021,1628384,0022100613,"Jan 11, 2022",TOR vs. PHX,L,39,9,20,0.45,4,13,0.308,3,6,0.5,1,1,2,1,1,0,2,3,25,-3,1,2021-22,Regular Season,1628384,OG Anunoby
22021,1628384,0022100633,"Jan 14, 2022",TOR @ DET,L,37,5,14,0.357,3,7,0.429,3,4,0.75,1,2,3,2,0,0,5,1,16,-8,1,2021-22,Regular Season,1628384,OG Anunoby
22021,1628384,0022100641,"Jan 15, 2022",TOR @ MIL,W,39,9,23,0.391,3,13,0.231,3,5,0.6,2,6,8,4,0,1,1,6,24,-4,1,2021-22,Regular Season,1628384,OG Anunoby
22021,1628384,0022100662,"Jan 17, 2022",TOR @ MIA,L,34,5,14,0.357,3,8,0.375,1,3,0.333,0,2,2,2,1,1,3,5,14,7,1,2021-22,Regular Season,1628384,OG Anunoby
22021,1628384,0022100675,"Jan 19, 2022",TOR @ DAL,L,43,8,16,0.5,1,5,0.2,2,2,1.0,4,4,8,2,3,0,1,2,19,1,1,2021-22,Regular Season,1628384,OG Anunoby
22021,1628384,0022100689,"Jan 21, 2022",TOR @ WAS,W,41,6,13,0.462,0,4,0.0,0,1,0.0,2,7,9,1,4,1,3,3,12,-7,1,2021-22,Regular Season,1628384,OG Anunoby
22021,1628384,0022100702,"Jan 23, 2022",TOR vs. POR,L,42,4,15,0.267,1,7,0.143,2,3,0.667,3,5,8,5,3,2,1,6,11,-11,1,2021-22,Regular Season,1628384,OG Anunoby
22021,1628384,0022100715,"Jan 25, 2022",TOR vs. CHA,W,36,8,14,0.571,3,7,0.429,5,6,0.833,2,5,7,2,2,1,2,2,24,19,1,2021-22,Regular Season,1628384,OG Anunoby
22021,1628384,0022100472,"Jan 26, 2022",TOR @ CHI,L,34,10,15,0.667,3,7,0.429,0,1,0.0,2,3,5,4,1,2,0,3,23,-14,1,2021-22,Regular Season,1628384,OG Anunoby
22021,1628384,0022100748,"Jan 29, 2022",TOR @ MIA,W,56,9,21,0.429,2,7,0.286,0,2,0.0,4,10,14,6,3,1,3,2,20,-5,1,2021-22,Regular Season,1628384,OG Anunoby
22021,1628384,0022100767,"Jan 31, 2022",TOR @ ATL,W,36,6,13,0.462,3,5,0.6,0,0,0.0,0,5,5,2,1,1,0,2,15,13,1,2021-22,Regular Season,1628384,OG Anunoby
22021,1628384,0022100784,"Feb 01, 2022",TOR vs. MIA,W,36,6,10,0.6,0,1,0.0,1,1,1.0,1,2,3,3,1,0,3,4,13,-4,1,2021-22,Regular Season,1628384,OG Anunoby
22021,1628384,0022100430,"Feb 03, 2022",TOR vs. CHI,W,42,8,15,0.533,5,8,0.625,0,0,0.0,0,1,1,6,1,1,3,2,21,9,1,2021-22,Regular Season,1628384,OG Anunoby
22021,1628384,0022100790,"Feb 04, 2022",TOR vs. ATL,W,35,3,8,0.375,2,4,0.5,0,0,0.0,2,8,10,4,2,2,2,4,8,1,1,2021-22,Regular Season,1628384,OG Anunoby
22021,1628384,0022100810,"Feb 07, 2022",TOR @ CHA,W,38,8,18,0.444,2,7,0.286,2,4,0.5,5,4,9,2,3,0,2,3,20,16,1,2021-22,Regular Season,1628384,OG Anunoby
22021,1628384,0022100827,"Feb 09, 2022",TOR @ OKC,W,37,6,12,0.5,3,7,0.429,0,0,0.0,1,9,10,2,0,1,4,3,15,14,1,2021-22,Regular Season,1628384,OG Anunoby
22021,1628384,0022100834,"Feb 10, 2022",TOR @ HOU,W,35,5,13,0.385,3,8,0.375,0,0,0.0,2,2,4,2,1,0,2,3,13,7,1,2021-22,Regular Season,1628384,OG Anunoby
22021,1628384,0022100850,"Feb 12, 2022",TOR vs. DEN,L,37,4,16,0.25,1,5,0.2,0,0,0.0,3,2,5,4,1,0,0,3,9,-3,1,2021-22,Regular Season,1628384,OG Anunoby
22021,1628384,0022100863,"Feb 14, 2022",TOR @ NOP,L,25,1,5,0.2,1,3,0.333,0,0,0.0,0,2,2,2,1,1,0,1,3,-23,1,2021-22,Regular Season,1628384,OG Anunoby
22021,1628384,0022100880,"Feb 16, 2022",TOR @ MIN,W,30,4,11,0.364,0,4,0.0,2,2,1.0,0,1,1,1,0,0,3,4,10,1,1,2021-22,Regular Season,1628384,OG Anunoby
22021,1628384,0022101095,"Mar 24, 2022",TOR vs. CLE,W,26,4,11,0.364,4,8,0.5,2,2,1.0,0,2,2,3,0,1,0,0,14,5,1,2021-22,Regular Season,1628384,OG Anunoby
22021,1628384,0022101109,"Mar 26, 2022",TOR vs. IND,W,28,6,9,0.667,3,5,0.6,1,2,0.5,0,3,3,1,2,0,0,0,16,18,1,2021-22,Regular Season,1628384,OG Anunoby
22021,1628384,0022101127,"Mar 28, 2022",TOR vs. BOS,W,40,6,12,0.5,2,5,0.4,0,0,0.0,4,4,8,3,1,0,0,2,14,9,1,2021-22,Regular Season,1628384,OG Anunoby
22021,1628384,0022101141,"Mar 30, 2022",TOR vs. MIN,W,32,9,13,0.692,4,4,1.0,0,0,0.0,1,4,5,3,0,0,2,3,22,29,1,2021-22,Regular Season,1628384,OG Anunoby
22021,1628384,0022101151,"Apr 01, 2022",TOR @ ORL,W,35,4,8,0.5,2,5,0.4,4,5,0.8,1,5,6,2,2,0,1,2,14,17,1,2021-22,Regular Season,1628384,OG Anunoby
22021,1628384,0022101226,"Apr 10, 2022",TOR @ NYK,L,25,3,9,0.333,0,5,0.0,2,2,1.0,2,7,9,3,1,0,3,0,8,-11,1,2021-22,Regular Season,1628384,OG Anunoby
42021,1628384,0042100131,"Apr 16, 2022",TOR @ PHI,L,33,9,15,0.6,2,5,0.4,0,0,0.0,2,5,7,2,0,0,1,2,20,-11,1,2021-22,Playoffs,1628384,OG Anunoby
42021,1628384,0042100132,"Apr 18, 2022",TOR @ PHI,L,38,10,14,0.714,4,7,0.571,2,2,1.0,0,1,1,3,1,0,3,4,26,-14,1,2021-22,Playoffs,1628384,OG Anunoby
42021,1628384,0042100133,"Apr 20, 2022",TOR vs. PHI,L,46,8,18,0.444,4,9,0.444,6,9,0.667,3,2,5,4,1,1,1,4,26,1,1,2021-22,Playoffs,1628384,OG Anunoby
42021,1628384,0042100134,"Apr 23, 2022",TOR vs. PHI,W,31,3,13,0.231,1,7,0.143,4,5,0.8,2,3,5,2,1,0,2,4,11,1,1,2021-22,Playoffs,1628384,OG Anunoby
42021,1628384,0042100135,"Apr 25, 2022",TOR @ PHI,W,39,7,15,0.467,2,9,0.222,0,0,0.0,0,5,5,4,2,0,3,1,16,18,1,2021-22,Playoffs,1628384,OG Anunoby
42021,1628384,0042100136,"Apr 28, 2022",TOR vs. PHI,L,29,2,7,0.286,1,4,0.25,0,0,0.0,0,1,1,0,1,0,0,3,5,-26,1,2021-22,Playoffs,1628384,OG Anunoby
22022,1628384,0022200008,"Oct 19, 2022",TOR vs. CLE,W,38,5,12,0.417,2,5,0.4,6,7,0.857,1,6,7,5,3,1,3,4,18,9,1,2022-23,Regular Season,1628384,OG Anunoby
22022,1628384,0022200021,"Oct 21, 2022",TOR @ BKN,L,37,3,9,0.333,2,4,0.5,2,2,1.0,1,4,5,1,1,1,3,4,10,4,1,2022-23,Regular Season,1628384,OG Anunoby
22022,1628384,0022200031,"Oct 22, 2022",TOR @ MIA,L,38,5,14,0.357,3,6,0.5,0,0,0.0,1,8,9,0,1,1,0,3,13,4,1,2022-23,Regular Season,1628384,OG Anunoby
22022,1628384,0022200045,"Oct 24, 2022",TOR @ MIA,W,34,2,4,0.5,1,3,0.333,1,2,0.5,0,7,7,0,2,1,3,5,6,16,1,2022-23,Regular Season,1628384,OG Anunoby
22022,1628384,0022200059,"Oct 26, 2022",TOR vs. PHI,W,34,6,10,0.6,1,3,0.333,2,2,1.0,0,2,2,1,3,0,1,4,15,3,1,2022-23,Regular Season,1628384,OG Anunoby
22022,1628384,0022200073,"Oct 28, 2022",TOR vs. PHI,L,36,7,16,0.438,2,7,0.286,3,5,0.6,3,6,9,2,2,1,2,2,19,-12,1,2022-23,Regular Season,1628384,OG Anunoby
22022,1628384,0022200099,"Oct 31, 2022",TOR vs. ATL,W,32,5,10,0.5,2,7,0.286,2,2,1.0,1,5,6,3,6,2,1,5,14,12,1,2022-23,Regular Season,1628384,OG Anunoby
22022,1628384,0022200114,"Nov 02, 2022",TOR @ SAS,W,24,7,12,0.583,1,3,0.333,3,3,1.0,1,4,5,3,5,1,2,2,18,28,1,2022-23,Regular Season,1628384,OG Anunoby
22022,1628384,0022200127,"Nov 04, 2022",TOR @ DAL,L,38,11,21,0.524,4,6,0.667,1,1,1.0,2,5,7,1,5,0,4,4,27,-2,1,2022-23,Regular Season,1628384,OG Anunoby
22022,1628384,0022200141,"Nov 06, 2022",TOR vs. CHI,W,38,10,19,0.526,2,5,0.4,0,0,0.0,4,2,6,3,3,1,1,3,22,24,1,2022-23,Regular Season,1628384,OG Anunoby
22022,1628384,0022200151,"Nov 07, 2022",TOR @ CHI,L,39,4,12,0.333,0,2,0.0,5,7,0.714,1,3,4,1,3,0,4,4,13,-12,1,2022-23,Regular Season,1628384,OG Anunoby
22022,1628384,0022200165,"Nov 09, 2022",TOR vs. HOU,W,39,10,20,0.5,4,9,0.444,3,4,0.75,1,9,10,1,3,1,1,3,27,18,1,2022-23,Regular Season,1628384,OG Anunoby
22022,1628384,0022200179,"Nov 11, 2022",TOR @ OKC,L,31,6,15,0.4,0,2,0.0,1,1,1.0,3,3,6,1,2,1,3,1,13,-24,1,2022-23,Regular Season,1628384,OG Anunoby
22022,1628384,0022200187,"Nov 12, 2022",TOR @ IND,L,36,9,16,0.563,2,7,0.286,6,7,0.857,0,2,2,3,1,2,4,4,26,-17,1,2022-23,Regular Season,1628384,OG Anunoby
22022,1628384,0022200199,"Nov 14, 2022",TOR @ DET,W,37,6,19,0.316,1,6,0.167,6,7,0.857,2,5,7,3,0,2,3,2,19,1,1,2022-23,Regular Season,1628384,OG Anunoby
22022,1628384,0022200215,"Nov 16, 2022",TOR vs. MIA,W,43,13,18,0.722,1,3,0.333,5,6,0.833,3,7,10,3,0,1,3,2,32,8,1,2022-23,Regular Season,1628384,OG Anunoby
22022,1628384,0022200235,"Nov 19, 2022",TOR @ ATL,L,42,10,24,0.417,0,6,0.0,7,7,1.0,0,3,3,5,2,0,5,4,27,-11,1,2022-23,Regular Season,1628384,OG Anunoby
22022,1628384,0022200266,"Nov 23, 2022",TOR vs. BKN,L,36,7,20,0.35,0,3,0.0,1,1,1.0,1,4,5,4,2,0,5,1,15,-29,1,2022-23,Regular Season,1628384,OG Anunoby
22022,1628384,0022200286,"Nov 26, 2022",TOR vs. DAL,W,43,9,19,0.474,2,4,0.5,6,7,0.857,4,5,9,2,2,2,5,3,26,-2,1,2022-23,Regular Season,1628384,OG Anunoby
22022,1628384,0022200303,"Nov 28, 2022",TOR vs. CLE,W,37,8,13,0.615,4,6,0.667,0,0,0.0,0,1,1,2,1,1,0,1,20,16,1,2022-23,Regular Season,1628384,OG Anunoby
22022,1628384,0022200318,"Nov 30, 2022",TOR @ NOP,L,31,5,11,0.455,1,3,0.333,1,1,1.0,0,5,5,3,1,1,4,4,12,-4,1,2022-23,Regular Season,1628384,OG Anunoby
22022,1628384,0022200329,"Dec 02, 2022",TOR @ BKN,L,38,8,16,0.5,0,2,0.0,5,7,0.714,3,3,6,1,2,0,0,2,21,-17,1,2022-23,Regular Season,1628384,OG Anunoby
22022,1628384,0022200340,"Dec 03, 2022",TOR vs. ORL,W,33,12,17,0.706,2,4,0.5,6,8,0.75,2,0,2,4,3,0,1,2,32,21,1,2022-23,Regular Season,1628384,OG Anunoby
22022,1628384,0022200355,"Dec 05, 2022",TOR vs. BOS,L,42,6,14,0.429,1,5,0.2,0,0,0.0,1,4,5,0,3,1,5,3,13,-3,1,2022-23,Regular Season,1628384,OG Anunoby
22022,1628384,0022200366,"Dec 07, 2022",TOR vs. LAL,W,34,8,19,0.421,2,8,0.25,5,6,0.833,1,5,6,1,1,1,1,1,23,12,1,2022-23,Regular Season,1628384,OG Anunoby
22022,1628384,0022200379,"Dec 09, 2022",TOR @ ORL,L,44,2,7,0.286,0,2,0.0,8,9,0.889,0,8,8,2,5,0,1,4,12,5,1,2022-23,Regular Season,1628384,OG Anunoby
22022,1628384,0022200453,"Dec 19, 2022",TOR @ PHI,L,40,4,10,0.4,3,7,0.429,2,4,0.5,0,4,4,3,2,1,2,2,13,-25,1,2022-23,Regular Season,1628384,OG Anunoby
22022,1628384,0022200471,"Dec 21, 2022",TOR @ NYK,W,36,7,15,0.467,1,6,0.167,0,0,0.0,3,3,6,1,0,1,0,3,15,5,1,2022-23,Regular Season,1628384,OG Anunoby
22022,1628384,0022200484,"Dec 23, 2022",TOR @ CLE,W,38,10,16,0.625,6,9,0.667,0,0,0.0,1,8,9,2,2,0,4,2,26,9,1,2022-23,Regular Season,1628384,OG Anunoby
22022,1628384,0022200509,"Dec 27, 2022",TOR vs. LAC,L,44,5,9,0.556,2,3,0.667,6,6,1.0,1,4,5,1,0,1,4,4,18,-19,1,2022-23,Regular Season,1628384,OG Anunoby
22022,1628384,0022200526,"Dec 29, 2022",TOR vs. MEM,L,35,5,17,0.294,3,8,0.375,3,3,1.0,2,1,3,3,2,1,1,4,16,-29,1,2022-23,Regular Season,1628384,OG Anunoby
22022,1628384,0022200531,"Dec 30, 2022",TOR vs. PHX,W,29,6,10,0.6,2,5,0.4,2,2,1.0,1,4,5,4,2,0,3,5,16,19,1,2022-23,Regular Season,1628384,OG Anunoby
22022,1628384,0022200553,"Jan 02, 2023",TOR @ IND,L,40,7,20,0.35,3,11,0.273,0,0,0.0,4,4,8,2,1,2,2,3,17,0,1,2022-23,Regular Season,1628384,OG Anunoby
22022,1628384,0022200569,"Jan 04, 2023",TOR vs. MIL,L,46,6,18,0.333,2,8,0.25,0,0,0.0,2,7,9,0,4,0,1,2,14,-5,1,2022-23,Regular Season,1628384,OG Anunoby
22022,1628384,0022200582,"Jan 06, 2023",TOR vs. NYK,L,40,6,12,0.5,1,4,0.25,0,1,0.0,3,6,9,2,3,0,0,5,13,5,1,2022-23,Regular Season,1628384,OG Anunoby
22022,1628384,0022200597,"Jan 08, 2023",TOR vs. POR,W,34,4,11,0.364,2,4,0.5,4,4,1.0,3,2,5,2,4,1,2,6,14,1,1,2022-23,Regular Season,1628384,OG Anunoby
22022,1628384,0022200613,"Jan 10, 2023",TOR vs. CHA,W,31,8,12,0.667,6,7,0.857,0,0,0.0,2,1,3,2,0,0,2,5,22,2,1,2022-23,Regular Season,1628384,OG Anunoby
22022,1628384,0022200629,"Jan 12, 2023",TOR vs. CHA,W,38,6,15,0.4,3,8,0.375,0,0,0.0,2,2,4,4,4,1,2,3,15,6,1,2022-23,Regular Season,1628384,OG Anunoby
22022,1628384,0022200644,"Jan 14, 2023",TOR vs. ATL,L,35,5,13,0.385,2,7,0.286,2,4,0.5,2,2,4,2,0,0,3,2,14,-8,1,2022-23,Regular Season,1628384,OG Anunoby
22022,1628384,0022200659,"Jan 16, 2023",TOR @ NYK,W,40,3,10,0.3,2,7,0.286,2,2,1.0,2,3,5,3,3,2,1,5,10,-1,1,2022-23,Regular Season,1628384,OG Anunoby
22022,1628384,0022200665,"Jan 17, 2023",TOR @ MIL,L,35,2,13,0.154,0,4,0.0,1,2,0.5,2,1,3,2,0,1,0,1,5,2,1,2022-23,Regular Season,1628384,OG Anunoby
22022,1628384,0022200680,"Jan 19, 2023",TOR @ MIN,L,36,5,11,0.455,3,7,0.429,2,2,1.0,1,7,8,0,1,1,3,3,15,0,1,2022-23,Regular Season,1628384,OG Anunoby
22022,1628384,0022200692,"Jan 21, 2023",TOR vs. BOS,L,21,5,7,0.714,2,2,1.0,0,0,0.0,1,2,3,0,0,0,2,0,12,9,1,2022-23,Regular Season,1628384,OG Anunoby
22022,1628384,0022200728,"Jan 25, 2023",TOR @ SAC,W,31,4,9,0.444,3,6,0.5,0,0,0.0,0,3,3,2,2,1,1,1,11,24,1,2022-23,Regular Season,1628384,OG Anunoby
22022,1628384,0022200740,"Jan 27, 2023",TOR @ GSW,L,10,0,2,0.0,0,1,0.0,1,2,0.5,0,0,0,1,1,0,0,0,1,7,1,2022-23,Regular Season,1628384,OG Anunoby
22022,1628384,0022200890,"Feb 23, 2023",TOR vs. NOP,W,32,5,13,0.385,1,8,0.125,1,1,1.0,0,6,6,2,2,1,3,5,12,-5,1,2022-23,Regular Season,1628384,OG Anunoby
22022,1628384,0022200903,"Feb 25, 2023",TOR @ DET,W,39,2,7,0.286,0,2,0.0,2,2,1.0,1,2,3,2,1,1,1,3,6,-1,1,2022-23,Regular Season,1628384,OG Anunoby
22022,1628384,0022200914,"Feb 26, 2023",TOR @ CLE,L,34,3,7,0.429,1,2,0.5,0,0,0.0,0,1,1,1,1,0,1,4,7,-30,1,2022-23,Regular Season,1628384,OG Anunoby
22022,1628384,0022200925,"Feb 28, 2023",TOR vs. CHI,W,34,6,13,0.462,2,4,0.5,3,4,0.75,3,5,8,2,1,0,3,5,17,16,1,2022-23,Regular Season,1628384,OG Anunoby
22022,1628384,0022200942,"Mar 02, 2023",TOR @ WAS,L,38,9,16,0.563,4,9,0.444,4,4,1.0,1,2,3,2,2,1,3,3,26,7,1,2022-23,Regular Season,1628384,OG Anunoby
22022,1628384,0022200956,"Mar 04, 2023",TOR @ WAS,W,39,2,11,0.182,0,6,0.0,2,2,1.0,2,1,3,2,1,1,2,3,6,-4,1,2022-23,Regular Season,1628384,OG Anunoby
22022,1628384,0022200975,"Mar 06, 2023",TOR @ DEN,L,35,3,7,0.429,3,6,0.5,3,4,0.75,2,2,4,1,0,0,1,3,12,-4,1,2022-23,Regular Season,1628384,OG Anunoby
22022,1628384,0022200991,"Mar 08, 2023",TOR @ LAC,L,37,7,11,0.636,4,7,0.571,0,0,0.0,2,1,3,0,3,0,2,1,18,-2,1,2022-23,Regular Season,1628384,OG Anunoby
22022,1628384,0022201003,"Mar 10, 2023",TOR @ LAL,L,38,12,14,0.857,4,6,0.667,3,3,1.0,0,2,2,1,5,0,5,1,31,7,1,2022-23,Regular Season,1628384,OG Anunoby
22022,1628384,0022201029,"Mar 14, 2023",TOR vs. DEN,W,35,10,14,0.714,4,8,0.5,0,0,0.0,1,2,3,3,1,0,1,4,24,13,1,2022-23,Regular Season,1628384,OG Anunoby
22022,1628384,0022201044,"Mar 16, 2023",TOR vs. OKC,W,29,6,9,0.667,3,4,0.75,2,2,1.0,1,3,4,1,2,2,2,5,17,14,1,2022-23,Regular Season,1628384,OG Anunoby
22022,1628384,0022201058,"Mar 18, 2023",TOR vs. MIN,W,35,6,9,0.667,2,3,0.667,1,1,1.0,0,2,2,1,1,0,3,3,15,23,1,2022-23,Regular Season,1628384,OG Anunoby
22022,1628384,0022201068,"Mar 19, 2023",TOR @ MIL,L,37,8,12,0.667,4,5,0.8,2,2,1.0,1,3,4,1,1,1,0,3,22,-1,1,2022-23,Regular Season,1628384,OG Anunoby
22022,1628384,0022201085,"Mar 22, 2023",TOR vs. IND,L,37,2,13,0.154,1,7,0.143,2,2,1.0,2,4,6,1,4,0,1,3,7,-3,1,2022-23,Regular Season,1628384,OG Anunoby
22022,1628384,0022201099,"Mar 24, 2023",TOR vs. DET,W,25,7,11,0.636,3,4,0.75,0,0,0.0,2,1,3,2,0,0,1,2,17,16,1,2022-23,Regular Season,1628384,OG Anunoby
22022,1628384,0022201119,"Mar 26, 2023",TOR vs. WAS,W,37,11,21,0.524,4,10,0.4,3,4,0.75,2,6,8,1,1,3,1,4,29,18,1,2022-23,Regular Season,1628384,OG Anunoby
22022,1628384,0022201132,"Mar 28, 2023",TOR vs. MIA,W,39,9,14,0.643,4,9,0.444,0,0,0.0,2,1,3,5,1,0,2,2,22,17,1,2022-23,Regular Season,1628384,OG Anunoby
22022,1628384,0022201150,"Mar 31, 2023",TOR @ PHI,L,41,6,12,0.5,3,8,0.375,2,2,1.0,1,2,3,3,1,1,1,5,17,-5,1,2022-23,Regular Season,1628384,OG Anunoby
22022,1628384,0022201163,"Apr 02, 2023",TOR @ CHA,W,34,9,13,0.692,5,6,0.833,0,0,0.0,1,6,7,1,0,0,0,2,23,16,1,2022-23,Regular Season,1628384,OG Anunoby
22022,1628384,0022201176,"Apr 04, 2023",TOR @ CHA,W,29,8,15,0.533,1,6,0.167,0,0,0.0,0,2,2,5,2,1,1,4,17,13,1,2022-23,Regular Season,1628384,OG Anunoby
22022,1628384,0022201192,"Apr 05, 2023",TOR @ BOS,L,40,5,16,0.313,2,8,0.25,0,0,0.0,2,2,4,2,4,3,0,2,12,0,1,2022-23,Regular Season,1628384,OG Anunoby
22022,1628384,0022201206,"Apr 07, 2023",TOR @ BOS,L,31,3,10,0.3,1,4,0.25,0,0,0.0,1,1,2,1,1,0,0,0,7,-18,1,2022-23,Regular Season,1628384,OG Anunoby
22023,1628384,0022300069,"Oct 25, 2023",TOR vs. MIN,W,34,7,13,0.538,4,9,0.444,2,2,1.0,0,6,6,1,2,3,2,2,20,6,1,2023-24,Regular Season,1628384,OG Anunoby
22023,1628384,0022300082,"Oct 27, 2023",TOR @ CHI,L,28,5,8,0.625,1,4,0.25,0,1,0.0,0,3,3,0,2,0,1,2,11,28,1,2023-24,Regular Season,1628384,OG Anunoby
22023,1628384,0022300105,"Oct 30, 2023",TOR vs. POR,L,30,4,12,0.333,2,9,0.222,0,0,0.0,0,3,3,1,2,1,2,0,10,0,1,2023-24,Regular Season,1628384,OG Anunoby
22023,1628384,0022300116,"Nov 01, 2023",TOR vs. MIL,W,25,7,7,1.0,1,1,1.0,1,2,0.5,0,2,2,3,1,0,2,5,16,16,1,2023-24,Regular Season,1628384,OG Anunoby
22023,1628384,0022300128,"Nov 02, 2023",TOR @ PHI,L,33,7,12,0.583,2,4,0.5,0,0,0.0,1,3,4,1,0,1,3,2,16,5,1,2023-24,Regular Season,1628384,OG Anunoby
22023,1628384,0022300141,"Nov 05, 2023",TOR @ SAS,W,38,8,16,0.5,7,13,0.538,1,4,0.25,2,4,6,4,2,0,1,3,24,8,1,2023-24,Regular Season,1628384,OG Anunoby
22023,1628384,0022300168,"Nov 08, 2023",TOR @ DAL,W,36,9,17,0.529,3,8,0.375,5,6,0.833,1,4,5,2,0,0,2,4,26,9,1,2023-24,Regular Season,1628384,OG Anunoby
22023,1628384,0022300174,"Nov 11, 2023",TOR @ BOS,L,28,3,13,0.231,2,8,0.25,0,0,0.0,1,2,3,2,1,0,0,0,8,-26,1,2023-24,Regular Season,1628384,OG Anunoby
22023,1628384,0022300211,"Nov 19, 2023",TOR vs. DET,W,27,2,11,0.182,1,6,0.167,4,6,0.667,1,4,5,3,2,0,1,3,9,15,1,2023-24,Regular Season,1628384,OG Anunoby
22023,1628384,0022300038,"Nov 21, 2023",TOR @ ORL,L,30,4,8,0.5,3,5,0.6,0,0,0.0,0,1,1,4,0,3,4,0,11,-15,1,2023-24,Regular Season,1628384,OG Anunoby
22023,1628384,0022300230,"Nov 22, 2023",TOR @ IND,W,36,5,12,0.417,1,4,0.25,2,2,1.0,2,2,4,3,1,0,2,3,13,-6,1,2023-24,Regular Season,1628384,OG Anunoby
22023,1628384,0022300046,"Nov 24, 2023",TOR vs. CHI,W,34,10,14,0.714,5,7,0.714,1,2,0.5,1,5,6,3,1,0,2,2,26,9,1,2023-24,Regular Season,1628384,OG Anunoby
22023,1628384,0022300251,"Nov 26, 2023",TOR @ CLE,L,34,4,12,0.333,2,5,0.4,1,3,0.333,5,2,7,1,0,1,1,1,11,11,1,2023-24,Regular Season,1628384,OG Anunoby
22023,1628384,0022300054,"Nov 28, 2023",TOR @ BKN,L,37,4,12,0.333,2,6,0.333,0,0,0.0,2,1,3,2,0,0,2,3,10,-14,1,2023-24,Regular Season,1628384,OG Anunoby
22023,1628384,0022300260,"Nov 29, 2023",TOR vs. PHX,W,34,5,10,0.5,3,5,0.6,0,1,0.0,0,3,3,1,3,1,0,3,13,1,1,2023-24,Regular Season,1628384,OG Anunoby
22023,1628384,0022300276,"Dec 01, 2023",TOR vs. NYK,L,27,4,13,0.308,1,6,0.167,0,0,0.0,1,4,5,3,1,2,3,5,9,-4,1,2023-24,Regular Season,1628384,OG Anunoby
22023,1628384,0022301207,"Dec 06, 2023",TOR vs. MIA,L,39,8,13,0.615,5,10,0.5,2,2,1.0,1,7,8,6,1,1,2,2,23,-9,1,2023-24,Regular Season,1628384,OG Anunoby
22023,1628384,0022301216,"Dec 08, 2023",TOR @ CHA,L,36,3,12,0.25,0,6,0.0,5,5,1.0,0,3,3,4,1,0,0,3,11,0,1,2023-24,Regular Season,1628384,OG Anunoby
22023,1628384,0022300297,"Dec 11, 2023",TOR @ NYK,L,37,11,20,0.55,5,11,0.455,2,2,1.0,1,4,5,2,1,0,2,3,29,-6,1,2023-24,Regular Season,1628384,OG Anunoby
22023,1628384,0022300313,"Dec 13, 2023",TOR vs. ATL,W,37,10,13,0.769,2,5,0.4,0,0,0.0,2,3,5,3,1,0,2,4,22,17,1,2023-24,Regular Season,1628384,OG Anunoby
22023,1628384,0022300330,"Dec 15, 2023",TOR vs. ATL,L,33,3,8,0.375,1,4,0.25,0,0,0.0,0,2,2,4,0,0,2,0,7,-19,1,2023-24,Regular Season,1628384,OG Anunoby
22023,1628384,0022300354,"Dec 18, 2023",TOR vs. CHA,W,32,2,10,0.2,0,5,0.0,1,1,1.0,0,2,2,2,1,0,2,3,5,3,1,2023-24,Regular Season,1628384,OG Anunoby
22023,1628384,0022300369,"Dec 20, 2023",TOR vs. DEN,L,40,4,9,0.444,1,4,0.25,0,0,0.0,0,1,1,3,0,0,1,2,9,-5,1,2023-24,Regular Season,1628384,OG Anunoby
22023,1628384,0022300382,"Dec 22, 2023",TOR @ PHI,L,35,4,9,0.444,0,4,0.0,4,4,1.0,0,4,4,6,1,0,2,4,12,-11,1,2023-24,Regular Season,1628384,OG Anunoby
22023,1628384,0022300395,"Dec 23, 2023",TOR vs. UTA,L,36,8,13,0.615,2,3,0.667,1,1,1.0,1,1,2,4,2,0,0,1,19,-4,1,2023-24,Regular Season,1628384,OG Anunoby
22023,1628384,0022300416,"Dec 27, 2023",TOR @ WAS,W,29,11,16,0.688,3,7,0.429,1,2,0.5,2,4,6,2,0,0,1,1,26,24,1,2023-24,Regular Season,1628384,OG Anunoby
22023,1628384,0022300432,"Dec 29, 2023",TOR @ BOS,L,37,5,8,0.625,2,4,0.5,0,0,0.0,0,2,2,2,2,0,1,1,12,4,1,2023-24,Regular Season,1628384,OG Anunoby
22023,1628384,0022300451,"Jan 01, 2024",NYK vs. MIN,W,35,7,12,0.583,3,6,0.5,0,0,0.0,3,3,6,1,2,0,1,6,17,19,1,2023-24,Regular Season,1628384,OG Anunoby
22023,1628384,0022300468,"Jan 03, 2024",NYK vs. CHI,W,34,5,9,0.556,1,4,0.25,0,0,0.0,2,6,8,2,2,0,1,2,11,35,1,2023-24,Regular Season,1628384,OG Anunoby
22023,1628384,0022300483,"Jan 05, 2024",NYK @ PHI,W,37,3,11,0.273,1,3,0.333,4,4,1.0,1,1,2,0,1,0,0,3,11,20,1,2023-24,Regular Season,1628384,OG Anunoby
22023,1628384,0022300494,"Jan 06, 2024",NYK @ WAS,W,31,4,7,0.571,1,3,0.333,0,0,0.0,2,3,5,2,1,0,1,3,9,11,1,2023-24,Regular Season,1628384,OG Anunoby
22023,1628384,0022300514,"Jan 09, 2024",NYK vs. POR,W,29,9,12,0.75,4,6,0.667,1,2,0.5,2,2,4,0,1,1,1,3,23,26,1,2023-24,Regular Season,1628384,OG Anunoby
22023,1628384,0022300530,"Jan 11, 2024",NYK @ DAL,L,39,4,10,0.4,1,6,0.167,1,1,1.0,1,5,6,2,0,2,1,1,10,14,1,2023-24,Regular Season,1628384,OG Anunoby
22023,1628384,0022300544,"Jan 13, 2024",NYK @ MEM,W,32,7,15,0.467,1,4,0.25,3,4,0.75,2,3,5,2,1,4,4,1,18,7,1,2023-24,Regular Season,1628384,OG Anunoby
22023,1628384,0022300557,"Jan 15, 2024",NYK vs. ORL,L,44,5,11,0.455,3,4,0.75,4,4,1.0,1,1,2,4,0,0,2,2,17,2,1,2023-24,Regular Season,1628384,OG Anunoby
22023,1628384,0022300573,"Jan 17, 2024",NYK vs. HOU,W,43,5,10,0.5,2,5,0.4,3,3,1.0,0,5,5,0,4,1,1,2,15,24,1,2023-24,Regular Season,1628384,OG Anunoby
22023,1628384,0022300579,"Jan 18, 2024",NYK vs. WAS,W,43,6,9,0.667,3,5,0.6,4,4,1.0,0,7,7,1,0,2,1,3,19,12,1,2023-24,Regular Season,1628384,OG Anunoby
22023,1628384,0022300596,"Jan 20, 2024",NYK vs. TOR,W,37,5,11,0.455,0,3,0.0,4,4,1.0,0,7,7,1,1,3,1,2,14,20,1,2023-24,Regular Season,1628384,OG Anunoby
22023,1628384,0022300615,"Jan 23, 2024",NYK @ BKN,W,33,3,8,0.375,0,1,0.0,4,4,1.0,1,4,5,1,4,2,3,2,10,11,1,2023-24,Regular Season,1628384,OG Anunoby
22023,1628384,0022300631,"Jan 25, 2024",NYK vs. DEN,W,29,10,18,0.556,3,9,0.333,3,5,0.6,0,2,2,1,6,0,1,2,26,38,1,2023-24,Regular Season,1628384,OG Anunoby
22023,1628384,0022300643,"Jan 27, 2024",NYK vs. MIA,W,34,8,14,0.571,2,5,0.4,1,3,0.333,0,1,1,4,2,0,1,2,19,13,1,2023-24,Regular Season,1628384,OG Anunoby
22023,1628384,0022300939,"Mar 12, 2024",NYK vs. PHI,W,29,6,11,0.545,2,5,0.4,0,0,0.0,0,4,4,2,1,0,3,0,14,28,1,2023-24,Regular Season,1628384,OG Anunoby
22023,1628384,0022300960,"Mar 14, 2024",NYK @ POR,W,36,5,11,0.455,1,4,0.25,1,2,0.5,2,7,9,2,2,0,2,4,12,11,1,2023-24,Regular Season,1628384,OG Anunoby
22023,1628384,0022300975,"Mar 16, 2024",NYK @ SAC,W,33,1,8,0.125,0,4,0.0,0,0,0.0,1,5,6,2,1,3,3,2,2,6,1,2023-24,Regular Season,1628384,OG Anunoby
22023,1628384,0022301119,"Apr 05, 2024",NYK @ CHI,L,29,5,8,0.625,2,4,0.5,0,0,0.0,0,1,1,0,2,0,1,1,12,5,1,2023-24,Regular Season,1628384,OG Anunoby
22023,1628384,0022301139,"Apr 07, 2024",NYK @ MIL,W,38,2,10,0.2,0,5,0.0,0,0,0.0,2,1,3,2,4,2,1,4,4,7,1,2023-24,Regular Season,1628384,OG Anunoby
22023,1628384,0022301149,"Apr 09, 2024",NYK @ CHI,W,35,10,18,0.556,4,6,0.667,0,0,0.0,0,3,3,1,0,1,2,4,24,12,1,2023-24,Regular Season,1628384,OG Anunoby
22023,1628384,0022301167,"Apr 11, 2024",NYK @ BOS,W,26,5,10,0.5,2,3,0.667,0,0,0.0,1,4,5,1,1,1,1,1,12,20,1,2023-24,Regular Season,1628384,OG Anunoby
22023,1628384,0022301175,"Apr 12, 2024",NYK vs. BKN,W,34,6,13,0.462,3,5,0.6,0,0,0.0,0,1,1,0,2,0,0,3,15,4,1,2023-24,Regular Season,1628384,OG Anunoby
22023,1628384,0022301190,"Apr 14, 2024",NYK vs. CHI,W,43,4,10,0.4,2,4,0.5,1,3,0.333,2,3,5,4,2,1,6,4,11,8,1,2023-24,Regular Season,1628384,OG Anunoby
42023,1628384,0042300111,"Apr 20, 2024",NYK vs. PHI,W,31,5,10,0.5,1,3,0.333,0,0,0.0,1,3,4,0,1,0,1,2,11,-5,1,2023-24,Playoffs,1628384,OG Anunoby
42023,1628384,0042300112,"Apr 22, 2024",NYK vs. PHI,W,37,4,10,0.4,0,3,0.0,2,2,1.0,0,4,4,1,0,1,0,0,10,1,1,2023-24,Playoffs,1628384,OG Anunoby
42023,1628384,0042300113,"Apr 25, 2024",NYK @ PHI,L,39,7,11,0.636,3,4,0.75,0,0,0.0,1,3,4,2,1,1,1,2,17,-10,1,2023-24,Playoffs,1628384,OG Anunoby
42023,1628384,0042300114,"Apr 28, 2024",NYK @ PHI,W,47,8,16,0.5,0,4,0.0,0,0,0.0,2,12,14,0,0,3,1,3,16,3,1,2023-24,Playoffs,1628384,OG Anunoby
42023,1628384,0042300115,"Apr 30, 2024",NYK vs. PHI,L,50,7,12,0.583,2,5,0.4,1,2,0.5,1,5,6,0,2,1,4,3,17,-10,1,2023-24,Playoffs,1628384,OG Anunoby
42023,1628384,0042300116,"May 02, 2024",NYK @ PHI,W,45,8,17,0.471,2,5,0.4,1,3,0.333,1,8,9,0,2,2,1,3,19,8,1,2023-24,Playoffs,1628384,OG Anunoby
42023,1628384,0042300211,"May 06, 2024",NYK vs. IND,W,42,5,14,0.357,3,7,0.429,0,0,0.0,0,9,9,4,2,0,2,1,13,12,1,2023-24,Playoffs,1628384,OG Anunoby
42023,1628384,0042300212,"May 08, 2024",NYK vs. IND,W,28,10,19,0.526,4,7,0.571,4,6,0.667,1,3,4,3,0,1,0,1,28,10,1,2023-24,Playoffs,1628384,OG Anunoby
42023,1628384,0042300217,"May 19, 2024",NYK vs. IND,L,5,2,2,1.0,1,1,1.0,0,0,0.0,0,0,0,0,0,0,0,0,5,-6,1,2023-24,Playoffs,1628384,OG Anunoby
22024,1628384,0022400061,"Oct 22, 2024",NYK @ BOS,L,34,1,7,0.143,0,4,0.0,2,2,1.0,0,5,5,3,1,0,0,3,4,-21,1,2024-25,Regular Season,1628384,OG Anunoby
22024,1628384,0022400081,"Oct 25, 2024",NYK vs. IND,W,34,6,12,0.5,1,4,0.25,1,2,0.5,0,4,4,1,1,0,1,3,14,18,1,2024-25,Regular Season,1628384,OG Anunoby
22024,1628384,0022400106,"Oct 28, 2024",NYK vs. CLE,L,37,7,13,0.538,1,4,0.25,0,1,0.0,1,1,2,2,2,1,2,3,15,3,1,2024-25,Regular Season,1628384,OG Anunoby
22024,1628384,0022400122,"Oct 30, 2024",NYK @ MIA,W,37,3,6,0.5,3,6,0.5,2,2,1.0,0,3,3,0,2,0,3,2,11,11,1,2024-25,Regular Season,1628384,OG Anunoby
22024,1628384,0022400134,"Nov 01, 2024",NYK @ DET,W,33,8,15,0.533,3,5,0.6,2,2,1.0,2,2,4,6,2,0,0,0,21,23,1,2024-25,Regular Season,1628384,OG Anunoby
22024,1628384,0022400161,"Nov 04, 2024",NYK @ HOU,L,40,7,14,0.5,5,6,0.833,2,3,0.667,1,5,6,2,1,2,0,2,21,-5,1,2024-25,Regular Season,1628384,OG Anunoby
22024,1628384,0022400171,"Nov 06, 2024",NYK @ ATL,L,41,5,13,0.385,3,8,0.375,2,2,1.0,1,5,6,3,1,0,0,1,15,-1,1,2024-25,Regular Season,1628384,OG Anunoby
22024,1628384,0022400189,"Nov 08, 2024",NYK vs. MIL,W,32,4,12,0.333,1,8,0.125,5,6,0.833,0,6,6,5,3,2,2,4,14,19,1,2024-25,Regular Season,1628384,OG Anunoby
22024,1628384,0022400203,"Nov 10, 2024",NYK @ IND,L,36,9,14,0.643,3,4,0.75,4,4,1.0,2,2,4,2,2,0,3,3,25,-2,1,2024-25,Regular Season,1628384,OG Anunoby
22024,1628384,0022400004,"Nov 12, 2024",NYK @ PHI,W,41,11,16,0.688,2,4,0.5,0,0,0.0,0,6,6,2,1,1,0,1,24,18,1,2024-25,Regular Season,1628384,OG Anunoby
22024,1628384,0022400219,"Nov 13, 2024",NYK vs. CHI,L,36,5,14,0.357,2,7,0.286,2,2,1.0,2,7,9,2,0,2,2,2,14,-20,1,2024-25,Regular Season,1628384,OG Anunoby
22024,1628384,0022400014,"Nov 15, 2024",NYK vs. BKN,W,39,10,17,0.588,1,8,0.125,4,5,0.8,1,7,8,1,2,0,3,6,25,10,1,2024-25,Regular Season,1628384,OG Anunoby
22024,1628384,0022400240,"Nov 17, 2024",NYK vs. BKN,W,40,9,17,0.529,3,7,0.429,3,5,0.6,3,5,8,0,0,1,0,4,24,3,1,2024-25,Regular Season,1628384,OG Anunoby
22024,1628384,0022400246,"Nov 18, 2024",NYK vs. WAS,W,30,6,12,0.5,1,4,0.25,3,4,0.75,2,3,5,2,2,0,0,0,16,22,1,2024-25,Regular Season,1628384,OG Anunoby
22024,1628384,0022400257,"Nov 20, 2024",NYK @ PHX,W,35,4,7,0.571,2,4,0.5,4,4,1.0,1,6,7,1,2,0,2,3,14,20,1,2024-25,Regular Season,1628384,OG Anunoby
22024,1628384,0022400264,"Nov 23, 2024",NYK @ UTA,L,36,10,19,0.526,7,12,0.583,0,0,0.0,1,2,3,0,3,2,0,5,27,-7,1,2024-25,Regular Season,1628384,OG Anunoby
22024,1628384,0022400283,"Nov 25, 2024",NYK @ DEN,W,38,16,23,0.696,5,7,0.714,3,3,1.0,1,4,5,4,0,1,1,2,40,21,1,2024-25,Regular Season,1628384,OG Anunoby
22024,1628384,0022400292,"Nov 27, 2024",NYK @ DAL,L,40,3,15,0.2,0,8,0.0,2,2,1.0,3,2,5,2,0,0,1,2,8,-15,1,2024-25,Regular Season,1628384,OG Anunoby
22024,1628384,0022400040,"Nov 29, 2024",NYK @ CHA,W,40,3,11,0.273,0,4,0.0,2,2,1.0,1,3,4,0,0,2,4,4,8,3,1,2024-25,Regular Season,1628384,OG Anunoby
22024,1628384,0022400308,"Dec 01, 2024",NYK vs. NOP,W,31,2,10,0.2,0,3,0.0,3,4,0.75,1,3,4,2,3,4,2,1,7,32,1,2024-25,Regular Season,1628384,OG Anunoby
22024,1628384,0022400053,"Dec 03, 2024",NYK vs. ORL,W,32,7,10,0.7,4,7,0.571,0,0,0.0,0,2,2,2,0,2,0,4,18,21,1,2024-25,Regular Season,1628384,OG Anunoby
22024,1628384,0022400327,"Dec 05, 2024",NYK vs. CHA,W,40,10,18,0.556,3,4,0.75,2,2,1.0,1,5,6,2,4,2,1,2,25,18,1,2024-25,Regular Season,1628384,OG Anunoby
22024,1628384,0022400343,"Dec 07, 2024",NYK vs. DET,L,39,6,15,0.4,2,8,0.25,3,4,0.75,1,3,4,2,4,2,3,4,17,-10,1,2024-25,Regular Season,1628384,OG Anunoby
22024,1628384,0022400359,"Dec 09, 2024",NYK @ TOR,W,41,6,14,0.429,2,9,0.222,0,1,0.0,0,4,4,3,2,3,2,2,14,-7,1,2024-25,Regular Season,1628384,OG Anunoby
22024,1628384,0022401202,"Dec 11, 2024",NYK vs. ATL,L,39,5,17,0.294,1,9,0.111,2,4,0.5,2,4,6,1,1,3,1,1,13,-2,1,2024-25,Regular Season,1628384,OG Anunoby
22024,1628384,0022401227,"Dec 15, 2024",NYK @ ORL,W,37,3,8,0.375,1,3,0.333,0,0,0.0,1,4,5,1,1,0,2,2,7,14,1,2024-25,Regular Season,1628384,OG Anunoby
22024,1628384,0022400367,"Dec 19, 2024",NYK @ MIN,W,30,3,8,0.375,1,5,0.2,2,2,1.0,1,2,3,4,2,1,0,1,9,28,1,2024-25,Regular Season,1628384,OG Anunoby
22024,1628384,0022400384,"Dec 21, 2024",NYK @ NOP,W,37,6,17,0.353,2,8,0.25,2,2,1.0,2,3,5,3,3,0,2,3,16,17,1,2024-25,Regular Season,1628384,OG Anunoby
22024,1628384,0022400397,"Dec 23, 2024",NYK vs. TOR,W,34,13,15,0.867,4,6,0.667,1,3,0.333,2,5,7,4,1,0,2,2,31,25,1,2024-25,Regular Season,1628384,OG Anunoby
22024,1628384,0022400405,"Dec 25, 2024",NYK vs. SAS,W,36,3,10,0.3,2,6,0.333,0,0,0.0,3,2,5,1,1,0,0,2,8,13,1,2024-25,Regular Season,1628384,OG Anunoby
22024,1628384,0022400419,"Dec 27, 2024",NYK @ ORL,W,28,4,8,0.5,0,1,0.0,0,0,0.0,1,4,5,0,0,0,3,4,8,7,1,2024-25,Regular Season,1628384,OG Anunoby
22024,1628384,0022400429,"Dec 28, 2024",NYK @ WAS,W,42,4,12,0.333,1,5,0.2,0,0,0.0,1,3,4,0,1,0,1,1,9,-2,1,2024-25,Regular Season,1628384,OG Anunoby
22024,1628384,0022400443,"Dec 30, 2024",NYK @ WAS,W,34,5,14,0.357,4,11,0.364,4,4,1.0,2,6,8,1,0,1,0,3,18,1,1,2024-25,Regular Season,1628384,OG Anunoby
22024,1628384,0022400458,"Jan 01, 2025",NYK vs. UTA,W,41,10,16,0.625,1,3,0.333,1,3,0.333,1,2,3,2,3,2,1,3,22,0,1,2024-25,Regular Season,1628384,OG Anunoby
22024,1628384,0022400473,"Jan 03, 2025",NYK @ OKC,L,43,7,13,0.538,3,7,0.429,3,3,1.0,0,2,2,3,0,0,1,3,20,-12,1,2024-25,Regular Season,1628384,OG Anunoby
22024,1628384,0022400482,"Jan 04, 2025",NYK @ CHI,L,32,5,12,0.417,2,6,0.333,0,0,0.0,2,3,5,0,1,0,3,0,12,-8,1,2024-25,Regular Season,1628384,OG Anunoby
22024,1628384,0022400496,"Jan 06, 2025",NYK vs. ORL,L,35,4,11,0.364,0,3,0.0,1,2,0.5,3,1,4,3,1,1,1,1,9,-6,1,2024-25,Regular Season,1628384,OG Anunoby
22024,1628384,0022400511,"Jan 08, 2025",NYK vs. TOR,W,38,8,13,0.615,4,6,0.667,7,8,0.875,1,1,2,0,2,1,2,2,27,24,1,2024-25,Regular Season,1628384,OG Anunoby
22024,1628384,0022400529,"Jan 10, 2025",NYK vs. OKC,L,36,2,8,0.25,0,5,0.0,0,0,0.0,1,2,3,2,0,0,2,2,4,-6,1,2024-25,Regular Season,1628384,OG Anunoby
22024,1628384,0022400539,"Jan 12, 2025",NYK vs. MIL,W,31,5,12,0.417,1,5,0.2,0,1,0.0,0,1,1,2,0,1,2,3,11,21,1,2024-25,Regular Season,1628384,OG Anunoby
22024,1628384,0022400549,"Jan 13, 2025",NYK vs. DET,L,39,5,9,0.556,0,2,0.0,0,0,0.0,2,1,3,1,1,0,3,4,10,-8,1,2024-25,Regular Season,1628384,OG Anunoby
22024,1628384,0022400561,"Jan 15, 2025",NYK @ PHI,W,45,6,16,0.375,3,10,0.3,2,2,1.0,0,4,4,4,1,0,2,1,17,-2,1,2024-25,Regular Season,1628384,OG Anunoby
22024,1628384,0022400578,"Jan 17, 2025",NYK vs. MIN,L,38,5,10,0.5,3,6,0.5,5,6,0.833,4,6,10,3,1,1,1,1,18,-18,1,2024-25,Regular Season,1628384,OG Anunoby
22024,1628384,0022400602,"Jan 20, 2025",NYK vs. ATL,W,41,2,4,0.5,0,1,0.0,4,4,1.0,2,7,9,2,0,0,1,3,8,6,1,2024-25,Regular Season,1628384,OG Anunoby
22024,1628384,0022400606,"Jan 21, 2025",NYK @ BKN,W,37,8,18,0.444,2,6,0.333,2,2,1.0,3,1,4,3,3,1,0,2,20,-4,1,2024-25,Regular Season,1628384,OG Anunoby
22024,1628384,0022400641,"Jan 25, 2025",NYK vs. SAC,W,35,12,18,0.667,4,7,0.571,5,6,0.833,2,1,3,4,2,1,0,2,33,7,1,2024-25,Regular Season,1628384,OG Anunoby
22024,1628384,0022400653,"Jan 27, 2025",NYK vs. MEM,W,34,5,12,0.417,2,5,0.4,3,4,0.75,1,4,5,4,6,1,0,0,15,41,1,2024-25,Regular Season,1628384,OG Anunoby
22024,1628384,0022400668,"Jan 29, 2025",NYK vs. DEN,W,39,9,15,0.6,5,7,0.714,0,2,0.0,1,3,4,1,0,0,1,4,23,15,1,2024-25,Regular Season,1628384,OG Anunoby
22024,1628384,0022400692,"Feb 01, 2025",NYK vs. LAL,L,17,5,7,0.714,3,4,0.75,0,0,0.0,1,0,1,1,0,2,1,0,13,1,1,2024-25,Regular Season,1628384,OG Anunoby
22024,1628384,0022400797,"Feb 21, 2025",NYK @ CLE,L,27,2,6,0.333,1,3,0.333,0,0,0.0,0,0,0,0,1,0,2,1,5,-23,1,2024-25,Regular Season,1628384,OG Anunoby
22024,1628384,0022400811,"Feb 23, 2025",NYK @ BOS,L,35,2,7,0.286,2,6,0.333,4,4,1.0,0,2,2,2,0,0,1,3,10,-9,1,2024-25,Regular Season,1628384,OG Anunoby
22024,1628384,0022400838,"Feb 26, 2025",NYK vs. PHI,W,42,5,15,0.333,1,6,0.167,5,5,1.0,0,9,9,3,2,0,1,2,16,4,1,2024-25,Regular Season,1628384,OG Anunoby
22024,1628384,0022400856,"Feb 28, 2025",NYK @ MEM,W,38,7,17,0.412,4,10,0.4,1,1,1.0,2,1,3,3,1,2,0,0,19,-4,1,2024-25,Regular Season,1628384,OG Anunoby
22024,1628384,0022400869,"Mar 02, 2025",NYK @ MIA,W,43,9,18,0.5,4,9,0.444,1,2,0.5,3,6,9,5,2,3,1,1,23,8,1,2024-25,Regular Season,1628384,OG Anunoby
22024,1628384,0022400885,"Mar 04, 2025",NYK vs. GSW,L,42,11,19,0.579,4,9,0.444,3,5,0.6,2,1,3,3,0,0,4,4,29,-10,1,2024-25,Regular Season,1628384,OG Anunoby
22024,1628384,0022400903,"Mar 06, 2025",NYK @ LAL,L,44,7,18,0.389,4,11,0.364,2,3,0.667,1,3,4,1,0,1,2,4,20,-13,1,2024-25,Regular Season,1628384,OG Anunoby
22024,1628384,0022400911,"Mar 07, 2025",NYK @ LAC,L,37,4,15,0.267,2,8,0.25,1,1,1.0,7,1,8,1,2,1,3,3,11,-14,1,2024-25,Regular Season,1628384,OG Anunoby
22024,1628384,0022400939,"Mar 10, 2025",NYK @ SAC,W,37,7,15,0.467,3,7,0.429,7,8,0.875,0,7,7,8,5,0,1,2,24,23,1,2024-25,Regular Season,1628384,OG Anunoby
22024,1628384,0022400953,"Mar 12, 2025",NYK @ POR,W,43,8,20,0.4,3,8,0.375,4,6,0.667,1,6,7,3,1,1,1,1,23,8,1,2024-25,Regular Season,1628384,OG Anunoby
22024,1628384,0022400974,"Mar 15, 2025",NYK @ GSW,L,38,7,15,0.467,2,3,0.667,7,9,0.778,3,6,9,2,3,1,2,3,23,-1,1,2024-25,Regular Season,1628384,OG Anunoby
22024,1628384,0022400984,"Mar 17, 2025",NYK vs. MIA,W,32,3,13,0.231,1,6,0.167,2,2,1.0,0,1,1,2,1,2,1,4,9,-1,1,2024-25,Regular Season,1628384,OG Anunoby
22024,1628384,0022401003,"Mar 19, 2025",NYK @ SAS,L,37,5,15,0.333,2,6,0.333,2,3,0.667,0,5,5,1,2,2,0,3,14,-19,1,2024-25,Regular Season,1628384,OG Anunoby
22024,1628384,0022401010,"Mar 20, 2025",NYK @ CHA,L,38,7,19,0.368,3,12,0.25,8,8,1.0,2,4,6,2,3,1,1,4,25,-17,1,2024-25,Regular Season,1628384,OG Anunoby
22024,1628384,0022401026,"Mar 22, 2025",NYK vs. WAS,W,31,8,12,0.667,4,5,0.8,3,4,0.75,0,2,2,3,2,0,0,3,23,12,1,2024-25,Regular Season,1628384,OG Anunoby
22024,1628384,0022401048,"Mar 25, 2025",NYK vs. DAL,W,38,15,24,0.625,3,6,0.5,2,2,1.0,2,3,5,1,2,1,1,2,35,24,1,2024-25,Regular Season,1628384,OG Anunoby
22024,1628384,0022401056,"Mar 26, 2025",NYK vs. LAC,L,37,11,17,0.647,3,5,0.6,3,3,1.0,2,3,5,3,1,0,1,0,28,-8,1,2024-25,Regular Season,1628384,OG Anunoby
22024,1628384,0022401070,"Mar 28, 2025",NYK @ MIL,W,36,9,21,0.429,3,10,0.3,10,10,1.0,0,2,2,2,3,0,1,4,31,-2,1,2024-25,Regular Season,1628384,OG Anunoby
22024,1628384,0022401082,"Mar 30, 2025",NYK vs. POR,W,37,11,16,0.688,2,5,0.4,4,4,1.0,1,6,7,2,3,2,1,2,28,10,1,2024-25,Regular Season,1628384,OG Anunoby
22024,1628384,0022401098,"Apr 01, 2025",NYK vs. PHI,W,33,7,16,0.438,2,9,0.222,11,13,0.846,0,5,5,0,2,0,6,1,27,17,1,2024-25,Regular Season,1628384,OG Anunoby
22024,1628384,0022401103,"Apr 02, 2025",NYK @ CLE,L,34,9,17,0.529,5,8,0.625,0,0,0.0,2,4,6,6,0,0,1,4,23,-14,1,2024-25,Regular Season,1628384,OG Anunoby
22024,1628384,0022401128,"Apr 05, 2025",NYK @ ATL,W,35,9,17,0.529,2,4,0.5,4,5,0.8,0,4,4,4,1,3,0,1,24,24,1,2024-25,Regular Season,1628384,OG Anunoby
22024,1628384,0022401140,"Apr 06, 2025",NYK vs. PHX,W,36,13,17,0.765,6,8,0.75,0,0,0.0,2,4,6,3,0,0,2,4,32,9,1,2024-25,Regular Season,1628384,OG Anunoby
22024,1628384,0022401151,"Apr 08, 2025",NYK vs. BOS,L,41,5,13,0.385,0,5,0.0,3,6,0.5,3,5,8,1,2,2,4,0,13,-7,1,2024-25,Regular Season,1628384,OG Anunoby
22024,1628384,0022401175,"Apr 11, 2025",NYK vs. CLE,L,35,6,18,0.333,2,9,0.222,1,2,0.5,0,4,4,4,2,0,1,3,15,-2,1,2024-25,Regular Season,1628384,OG Anunoby
42024,1628384,0042400121,"Apr 19, 2025",NYK vs. DET,W,44,8,18,0.444,3,8,0.375,4,4,1.0,3,4,7,0,5,2,2,3,23,10,1,2024-25,Playoffs,1628384,OG Anunoby
42024,1628384,0042400122,"Apr 21, 2025",NYK vs. DET,L,42,4,10,0.4,0,4,0.0,2,2,1.0,0,5,5,2,2,0,2,3,10,-5,1,2024-25,Playoffs,1628384,OG Anunoby
42024,1628384,0042400123,"Apr 24, 2025",NYK @ DET,W,43,7,17,0.412,3,8,0.375,5,6,0.833,1,1,2,0,2,1,2,3,22,2,1,2024-25,Playoffs,1628384,OG Anunoby
42024,1628384,0042400124,"Apr 27, 2025",NYK @ DET,W,39,3,13,0.231,0,3,0.0,2,2,1.0,1,1,2,0,3,0,0,2,8,-9,1,2024-25,Playoffs,1628384,OG Anunoby
42024,1628384,0042400125,"Apr 29, 2025",NYK vs. DET,L,39,8,13,0.615,3,4,0.75,0,0,0.0,2,6,8,1,0,3,2,4,19,-7,1,2024-25,Playoffs,1628384,OG Anunoby
42024,1628384,0042400126,"May 01, 2025",NYK @ DET,W,44,6,14,0.429,4,10,0.4,6,7,0.857,1,4,5,1,3,2,2,4,22,2,1,2024-25,Playoffs,1628384,OG Anunoby
42024,1628384,0042400211,"May 05, 2025",NYK @ BOS,W,46,10,20,0.5,6,11,0.545,3,4,0.75,1,3,4,3,1,0,3,1,29,-1,1,2024-25,Playoffs,1628384,OG Anunoby
42024,1628384,0042400212,"May 07, 2025",NYK @ BOS,W,38,2,9,0.222,1,4,0.25,0,0,0.0,1,4,5,1,4,1,3,3,5,-11,1,2024-25,Playoffs,1628384,OG Anunoby
42024,1628384,0042400213,"May 10, 2025",NYK vs. BOS,L,31,1,6,0.167,0,2,0.0,0,0,0.0,2,0,2,1,0,0,1,0,2,-25,1,2024-25,Playoffs,1628384,OG Anunoby
42024,1628384,0042400214,"May 12, 2025",NYK vs. BOS,W,40,8,14,0.571,4,8,0.5,0,0,0.0,1,2,3,2,0,0,0,3,20,4,1,2024-25,Playoffs,1628384,OG Anunoby
42024,1628384,0042400215,"May 14, 2025",NYK @ BOS,L,36,1,12,0.083,1,5,0.2,3,4,0.75,2,6,8,2,0,1,2,3,6,-15,1,2024-25,Playoffs,1628384,OG Anunoby
42024,1628384,0042400216,"May 16, 2025",NYK vs. BOS,W,37,7,18,0.389,4,13,0.308,5,5,1.0,1,8,9,2,2,2,3,2,23,26,1,2024-25,Playoffs,1628384,OG Anunoby
42024,1628384,0042400301,"May 21, 2025",NYK vs. IND,L,42,6,15,0.4,2,8,0.25,2,4,0.5,1,2,3,2,3,3,3,5,16,-12,1,2024-25,Playoffs,1628384,OG Anunoby
42024,1628384,0042400302,"May 23, 2025",NYK vs. IND,L,36,6,11,0.545,2,6,0.333,2,2,1.0,1,4,5,1,2,0,1,2,16,5,1,2024-25,Playoffs,1628384,OG Anunoby
42024,1628384,0042400303,"May 25, 2025",NYK @ IND,W,37,6,9,0.667,4,6,0.667,0,2,0.0,0,2,2,2,1,3,0,3,16,1,1,2024-25,Playoffs,1628384,OG Anunoby
42024,1628384,0042400304,"May 27, 2025",NYK @ IND,L,40,7,16,0.438,1,7,0.143,7,9,0.778,1,3,4,1,3,2,2,5,22,-1,1,2024-25,Playoffs,1628384,OG Anunoby
42024,1628384,0042400305,"May 29, 2025",NYK vs. IND,W,34,3,14,0.214,1,7,0.143,4,4,1.0,2,2,4,0,3,0,1,2,11,15,1,2024-25,Playoffs,1628384,OG Anunoby
42024,1628384,0042400306,"May 31, 2025",NYK @ IND,L,37,10,18,0.556,2,7,0.286,2,3,0.667,3,2,5,3,2,2,1,1,24,-15,1,2024-25,Playoffs,1628384,OG Anunoby
22025,1628384,0022500003,"Oct 22, 2025",NYK vs. CLE,W,38,9,17,0.529,4,9,0.444,2,4,0.5,2,12,14,2,3,1,4,0,24,10,1,2025-26,Regular Season,1628384,OG Anunoby
22025,1628384,0022500018,"Oct 24, 2025",NYK vs. BOS,W,29,3,10,0.3,2,7,0.286,2,2,1.0,1,1,2,1,2,0,1,3,10,10,1,2025-26,Regular Season,1628384,OG Anunoby
22025,1628384,0022500108,"Oct 26, 2025",NYK @ MIA,L,37,4,13,0.308,4,12,0.333,2,2,1.0,1,5,6,1,3,1,2,4,14,4,1,2025-26,Regular Season,1628384,OG Anunoby
22025,1628384,0022500125,"Oct 28, 2025",NYK @ MIL,L,34,3,11,0.273,1,6,0.167,2,3,0.667,2,4,6,5,1,1,2,4,9,-6,1,2025-26,Regular Season,1628384,OG Anunoby
22025,1628384,0022500023,"Oct 31, 2025",NYK @ CHI,L,36,10,13,0.769,5,7,0.714,1,2,0.5,1,3,4,3,1,1,1,4,26,6,1,2025-26,Regular Season,1628384,OG Anunoby
22025,1628384,0022500153,"Nov 02, 2025",NYK vs. CHI,W,35,8,17,0.471,3,7,0.429,2,2,1.0,0,2,2,4,2,1,1,1,21,22,1,2025-26,Regular Season,1628384,OG Anunoby
22025,1628384,0022500159,"Nov 03, 2025",NYK vs. WAS,W,32,7,13,0.538,2,5,0.4,0,0,0.0,1,5,6,2,5,0,2,1,16,9,1,2025-26,Regular Season,1628384,OG Anunoby
22025,1628384,0022500175,"Nov 05, 2025",NYK vs. MIN,W,32,10,17,0.588,3,5,0.6,2,2,1.0,5,3,8,1,2,1,1,1,25,14,1,2025-26,Regular Season,1628384,OG Anunoby
22025,1628384,0022500192,"Nov 09, 2025",NYK vs. BKN,W,27,6,11,0.545,4,6,0.667,3,4,0.75,4,4,8,3,1,0,1,1,19,32,1,2025-26,Regular Season,1628384,OG Anunoby
22025,1628384,0022500208,"Nov 11, 2025",NYK vs. MEM,W,36,7,17,0.412,1,10,0.1,1,2,0.5,0,4,4,3,2,0,4,5,16,24,1,2025-26,Regular Season,1628384,OG Anunoby
22025,1628384,0022500215,"Nov 12, 2025",NYK vs. ORL,L,34,2,4,0.5,2,4,0.5,2,2,1.0,0,4,4,1,1,2,3,3,8,1,1,2025-26,Regular Season,1628384,OG Anunoby
22025,1628384,0022500039,"Nov 14, 2025",NYK vs. MIA,W,5,1,4,0.25,0,1,0.0,0,0,0.0,2,1,3,0,0,0,0,1,2,1,1,2025-26,Regular Season,1628384,OG Anunoby
22025,1628384,0022500343,"Dec 05, 2025",NYK vs. UTA,W,23,4,8,0.5,0,2,0.0,3,4,0.75,0,0,0,1,0,0,2,1,11,7,1,2025-26,Regular Season,1628384,OG Anunoby
22025,1628384,0022500357,"Dec 07, 2025",NYK vs. ORL,W,28,8,14,0.571,5,7,0.714,0,0,0.0,1,6,7,0,3,0,0,4,21,20,1,2025-26,Regular Season,1628384,OG Anunoby
22025,1628384,0022501202,"Dec 09, 2025",NYK @ TOR,W,36,4,11,0.364,1,6,0.167,4,4,1.0,1,5,6,1,2,2,3,3,13,6,1,2025-26,Regular Season,1628384,OG Anunoby
22025,1628384,0022501229,"Dec 13, 2025",NYK @ ORL,W,40,8,13,0.615,3,4,0.75,5,6,0.833,1,5,6,4,3,1,4,2,24,14,1,2025-26,Regular Season,1628384,OG Anunoby
22025,1628384,0022500372,"Dec 18, 2025",NYK @ IND,W,34,5,13,0.385,2,7,0.286,4,7,0.571,1,5,6,1,2,0,3,3,16,11,1,2025-26,Regular Season,1628384,OG Anunoby
22025,1628384,0022500382,"Dec 19, 2025",NYK vs. PHI,L,32,1,9,0.111,0,4,0.0,0,0,0.0,2,1,3,1,0,1,2,2,2,-11,1,2025-26,Regular Season,1628384,OG Anunoby
22025,1628384,0022500398,"Dec 21, 2025",NYK vs. MIA,W,34,6,12,0.5,2,6,0.333,4,5,0.8,0,2,2,3,1,2,4,4,18,3,1,2025-26,Regular Season,1628384,OG Anunoby
22025,1628384,0022500009,"Dec 25, 2025",NYK vs. CLE,W,33,3,7,0.429,1,4,0.25,1,1,1.0,0,2,2,2,0,1,1,1,8,-3,1,2025-26,Regular Season,1628384,OG Anunoby
22025,1628384,0022500435,"Dec 27, 2025",NYK @ ATL,W,38,3,10,0.3,2,5,0.4,7,7,1.0,3,7,10,5,3,1,1,4,15,0,1,2025-26,Regular Season,1628384,OG Anunoby
22025,1628384,0022500454,"Dec 29, 2025",NYK @ NOP,W,37,8,22,0.364,1,8,0.125,6,6,1.0,2,9,11,1,3,1,2,3,23,16,1,2025-26,Regular Season,1628384,OG Anunoby
22025,1628384,0022500467,"Dec 31, 2025",NYK @ SAS,L,34,3,10,0.3,0,5,0.0,3,4,0.75,0,5,5,2,2,1,2,4,9,-25,1,2025-26,Regular Season,1628384,OG Anunoby
22025,1628384,0022500479,"Jan 02, 2026",NYK vs. ATL,L,35,5,13,0.385,1,6,0.167,8,10,0.8,2,8,10,1,2,0,3,4,19,-14,1,2025-26,Regular Season,1628384,OG Anunoby
22025,1628384,0022500487,"Jan 03, 2026",NYK vs. PHI,L,37,6,11,0.545,3,5,0.6,4,4,1.0,4,2,6,6,1,1,4,3,19,-8,1,2025-26,Regular Season,1628384,OG Anunoby
22025,1628384,0022500502,"Jan 05, 2026",NYK @ DET,L,29,1,4,0.25,0,2,0.0,3,4,0.75,0,2,2,1,3,1,2,2,5,-31,1,2025-26,Regular Season,1628384,OG Anunoby
22025,1628384,0022500522,"Jan 07, 2026",NYK vs. LAC,W,32,8,10,0.8,2,3,0.667,2,2,1.0,0,3,3,0,1,0,2,3,20,7,1,2025-26,Regular Season,1628384,OG Anunoby
22025,1628384,0022500538,"Jan 09, 2026",NYK @ PHX,L,38,3,9,0.333,2,5,0.4,7,9,0.778,3,5,8,3,0,0,1,1,15,5,1,2025-26,Regular Season,1628384,OG Anunoby
22025,1628384,0022500551,"Jan 11, 2026",NYK @ POR,W,34,9,15,0.6,4,7,0.571,2,2,1.0,1,6,7,3,1,0,1,3,24,10,1,2025-26,Regular Season,1628384,OG Anunoby
22025,1628384,0022500576,"Jan 14, 2026",NYK @ SAC,L,27,5,13,0.385,0,6,0.0,5,8,0.625,1,2,3,4,0,2,1,4,15,-16,1,2025-26,Regular Season,1628384,OG Anunoby
22025,1628384,0022500584,"Jan 15, 2026",NYK @ GSW,L,37,10,20,0.5,1,4,0.25,4,5,0.8,1,3,4,1,1,0,1,2,25,-6,1,2025-26,Regular Season,1628384,OG Anunoby
22025,1628384,0022500596,"Jan 17, 2026",NYK vs. PHX,L,39,6,17,0.353,1,7,0.143,8,10,0.8,3,5,8,5,3,1,4,1,21,-4,1,2025-26,Regular Season,1628384,OG Anunoby
22025,1628384,0022500016,"Jan 19, 2026",NYK vs. DAL,L,31,3,8,0.375,1,4,0.25,2,2,1.0,2,4,6,2,3,1,3,3,9,-12,1,2025-26,Regular Season,1628384,OG Anunoby
22025,1628384,0022500622,"Jan 21, 2026",NYK vs. BKN,W,30,2,4,0.5,0,0,0.0,1,2,0.5,1,4,5,3,0,0,3,2,5,28,1,2025-26,Regular Season,1628384,OG Anunoby
22025,1628384,0022500643,"Jan 24, 2026",NYK @ PHI,W,36,10,15,0.667,2,3,0.667,1,2,0.5,3,4,7,4,2,0,2,0,23,-8,1,2025-26,Regular Season,1628384,OG Anunoby
22025,1628384,0022500665,"Jan 27, 2026",NYK vs. SAC,W,32,5,7,0.714,3,4,0.75,2,2,1.0,1,1,2,0,2,0,7,3,15,5,1,2025-26,Regular Season,1628384,OG Anunoby
22025,1628384,0022500675,"Jan 28, 2026",NYK @ TOR,W,34,11,18,0.611,2,6,0.333,2,3,0.667,0,3,3,5,6,2,0,3,26,18,1,2025-26,Regular Season,1628384,OG Anunoby
22025,1628384,0022500690,"Jan 30, 2026",NYK vs. POR,W,31,10,16,0.625,4,8,0.5,0,0,0.0,1,5,6,3,0,1,3,3,24,34,1,2025-26,Regular Season,1628384,OG Anunoby
22025,1628384,0022500708,"Feb 01, 2026",NYK vs. LAL,W,34,9,15,0.6,4,8,0.5,3,4,0.75,3,5,8,3,3,0,1,1,25,21,1,2025-26,Regular Season,1628384,OG Anunoby
22025,1628384,0022500718,"Feb 03, 2026",NYK @ WAS,W,27,6,11,0.545,3,6,0.5,4,5,0.8,0,4,4,2,1,1,1,2,19,13,1,2025-26,Regular Season,1628384,OG Anunoby
22025,1628384,0022500726,"Feb 04, 2026",NYK vs. DEN,W,48,7,17,0.412,4,9,0.444,2,2,1.0,3,5,8,4,0,0,0,3,20,13,1,2025-26,Regular Season,1628384,OG Anunoby
22025,1628384,0022500796,"Feb 19, 2026",NYK vs. DET,L,32,3,13,0.231,1,8,0.125,1,2,0.5,0,0,0,0,0,4,0,4,8,1,1,2025-26,Regular Season,1628384,OG Anunoby
22025,1628384,0022500816,"Feb 21, 2026",NYK vs. HOU,W,40,8,16,0.5,2,7,0.286,2,2,1.0,1,1,2,1,4,0,1,2,20,6,1,2025-26,Regular Season,1628384,OG Anunoby
22025,1628384,0022500825,"Feb 22, 2026",NYK @ CHI,W,34,4,11,0.364,0,4,0.0,1,2,0.5,2,7,9,2,2,1,1,2,9,17,1,2025-26,Regular Season,1628384,OG Anunoby
22025,1628384,0022500835,"Feb 24, 2026",NYK @ CLE,L,34,2,9,0.222,1,6,0.167,0,0,0.0,0,3,3,2,0,1,1,2,5,-12,1,2025-26,Regular Season,1628384,OG Anunoby
22025,1628384,0022500860,"Feb 27, 2026",NYK @ MIL,W,28,8,10,0.8,5,7,0.714,3,4,0.75,0,3,3,3,2,0,1,3,24,20,1,2025-26,Regular Season,1628384,OG Anunoby
22025,1628384,0022500868,"Mar 01, 2026",NYK vs. SAS,W,35,5,11,0.455,2,5,0.4,0,0,0.0,2,3,5,1,1,1,1,1,12,16,1,2025-26,Regular Season,1628384,OG Anunoby
22025,1628384,0022500887,"Mar 03, 2026",NYK @ TOR,W,27,5,6,0.833,2,2,1.0,3,4,0.75,0,5,5,0,0,0,2,4,15,8,1,2025-26,Regular Season,1628384,OG Anunoby
22025,1628384,0022500893,"Mar 04, 2026",NYK vs. OKC,L,38,6,17,0.353,4,13,0.308,0,0,0.0,0,3,3,0,3,2,3,3,16,-4,1,2025-26,Regular Season,1628384,OG Anunoby
22025,1628384,0022500911,"Mar 06, 2026",NYK @ DEN,W,32,11,17,0.647,6,11,0.545,6,6,1.0,3,4,7,5,4,1,0,1,34,17,1,2025-26,Regular Season,1628384,OG Anunoby
22025,1628384,0022500922,"Mar 08, 2026",NYK @ LAL,L,38,5,11,0.455,1,4,0.25,2,2,1.0,3,5,8,1,1,0,2,4,13,-9,1,2025-26,Regular Season,1628384,OG Anunoby
22025,1628384,0022500935,"Mar 09, 2026",NYK @ LAC,L,37,8,15,0.533,3,8,0.375,3,4,0.75,2,4,6,2,2,0,4,2,22,-3,1,2025-26,Regular Season,1628384,OG Anunoby
22025,1628384,0022500949,"Mar 11, 2026",NYK @ UTA,W,31,7,10,0.7,3,5,0.6,5,5,1.0,1,1,2,1,2,1,1,3,22,11,1,2025-26,Regular Season,1628384,OG Anunoby
22025,1628384,0022500962,"Mar 13, 2026",NYK @ IND,W,34,8,16,0.5,2,4,0.5,7,9,0.778,1,7,8,5,0,0,2,2,25,13,1,2025-26,Regular Season,1628384,OG Anunoby
22025,1628384,0022500981,"Mar 15, 2026",NYK vs. GSW,W,29,3,6,0.5,2,4,0.5,6,6,1.0,3,1,4,1,0,0,1,3,14,0,1,2025-26,Regular Season,1628384,OG Anunoby
22025,1628384,0022500994,"Mar 17, 2026",NYK vs. IND,W,29,10,13,0.769,4,5,0.8,2,2,1.0,1,7,8,4,1,0,1,2,26,25,1,2025-26,Regular Season,1628384,OG Anunoby
22025,1628384,0022501016,"Mar 20, 2026",NYK @ BKN,W,35,7,13,0.538,1,6,0.167,1,2,0.5,0,3,3,1,2,1,4,2,16,14,1,2025-26,Regular Season,1628384,OG Anunoby
22025,1628384,0022501034,"Mar 22, 2026",NYK vs. WAS,W,29,3,7,0.429,1,3,0.333,2,2,1.0,0,2,2,0,0,0,4,0,9,13,1,2025-26,Regular Season,1628384,OG Anunoby
22025,1628384,0022501048,"Mar 24, 2026",NYK vs. NOP,W,40,7,16,0.438,5,13,0.385,2,2,1.0,0,4,4,4,3,1,0,4,21,17,1,2025-26,Regular Season,1628384,OG Anunoby
22025,1628384,0022501063,"Mar 26, 2026",NYK @ CHA,L,39,6,10,0.6,5,9,0.556,0,0,0.0,1,2,3,2,0,1,2,2,17,-1,1,2025-26,Regular Season,1628384,OG Anunoby
22025,1628384,0022501089,"Mar 29, 2026",NYK @ OKC,L,33,2,9,0.222,2,7,0.286,4,4,1.0,0,0,0,3,1,0,1,4,10,-17,1,2025-26,Regular Season,1628384,OG Anunoby
22025,1628384,0022501102,"Mar 31, 2026",NYK @ HOU,L,38,3,9,0.333,2,8,0.25,0,0,0.0,1,5,6,0,2,1,0,1,8,-14,1,2025-26,Regular Season,1628384,OG Anunoby
22025,1628384,0022501003,"Apr 01, 2026",NYK @ MEM,W,40,8,17,0.471,4,8,0.5,5,6,0.833,3,10,13,3,1,2,1,3,25,15,1,2025-26,Regular Season,1628384,OG Anunoby
22025,1628384,0022501123,"Apr 03, 2026",NYK vs. CHI,W,31,9,15,0.6,7,10,0.7,6,6,1.0,0,8,8,2,0,1,1,2,31,32,1,2025-26,Regular Season,1628384,OG Anunoby
22025,1628384,0022501143,"Apr 06, 2026",NYK @ ATL,W,37,7,14,0.5,4,10,0.4,4,4,1.0,2,3,5,1,0,2,3,1,22,10,1,2025-26,Regular Season,1628384,OG Anunoby
22025,1628384,0022501168,"Apr 09, 2026",NYK vs. BOS,W,36,4,10,0.4,3,7,0.429,2,2,1.0,0,4,4,1,2,0,1,3,13,3,1,2025-26,Regular Season,1628384,OG Anunoby
22025,1628384,0022501176,"Apr 10, 2026",NYK vs. TOR,W,15,1,4,0.25,0,3,0.0,0,0,0.0,0,5,5,3,0,0,0,2,2,9,1,2025-26,Regular Season,1628384,OG Anunoby
